-2.18644696314675072E18 -7.339047132542272E14 -6.0934275912784472E16 3.7067352587732728E16 2.37636067992277984E17 2.11834227659711552E17 1.2096297234132148E16 -1.01929017514008784E17 9.3630515043480218E17 1.20146208365144448E18 1.5790770592123852E16 1.11571652498496288E17 -3.4251040894639002E17 -3.4886800044108883E17 -2.03626906893902656E17 -5.7735936678869504E16 1.50170406770000768E18 2.14378767718832486E18 -8.6605551985787162E17 1.69620819127158886E18 
-1.43809273670807168E18 -1.01778686208810035E18 -4.695303817459632E17 4.4706739120265235E17 -1.03676180246568E18 -3.661207174837207E17 -8.3038248401188144E16 -2.1942223801192152E16 4.7512176468454266E17 -3.1007019210869484E16 5.5831657708377261E17 6.0471804275961504E16 -7.5352507230044448E16 -9.0921105895327712E16 -4.821851667575705E17 -5.8411964503706483E17 -7.9650662829191712E16 3.3751975104649722E17 -1.15378040407814608E17 4.5126871786601414E17 
-2.499849356041032E17 2.51287463865107456E17 3.5675114557896698E17 1.59063009030641818E18 -1.15637591829842448E17 -2.55184092631218048E17 8.9174888436316528E16 5.3596510900686707E17 -6.021482013600375E13 1.4787609876766282E16 1.10278995038068144E17 2.79869323305145984E17 -6.5472491924852656E16 1.3787412112406935E18 -2.3612111296888532E16 -3.3877213203515462E17 1.2304987044365648E17 -8.3761339316602534E17 -1.78687857918701792E17 -7.6545334084250957E17 
2.3039748693145392E16 -2.0382146619315952E17 -7.2335781368689626E17 6.9934181173254029E17 -1.8001673528973046E16 3.2482606900169651E17 5.4228608268050227E17 -1.38481366828099504E17 -4.2720336983177882E17 2.143746400871372E16 -1.3583118261601135E15 -5.907274651535671E17 3.9245352831656128E17 9.3411719272871376E16 -2.8381608178042132E18 -7.8105424480957773E17 -8.9605893852259136E17 3.4871974994464013E17 -2.63894252673871104E17 8.4969135038977318E17 
-1.00123739423387942E18 3.6526991109412936E16 -5.503223499462496E16 -1.68190735379903424E17 3.4037682281164544E17 6.0150863506380595E17 -1.05551097076915315E18 -2.8221508917156324E16 1.31739967614316128E17 3.6077184391194106E17 -5.4354411861817005E17 -8.178690018035615E15 3.9292073024909414E17 1.4172524958059896E17 5.499671812804153E15 -1.3467827992145577E18 -2.26889909770929888E17 1.8922746601117812E16 -6.1923893525718259E17 -8.9684173594350989E17 
1.96453136529875456E18 -1.3904435137489376E17 7.0535374568530803E17 -3.0887360880042736E16 4.1153678563111072E16 -3.25347244612912E17 2.30382022055921536E17 -5.9134633847049331E17 3.343946404608167E17 -5.6689544026567334E17 1.32216817979521664E17 -2.6701937523557244E16 2.9464834577714237E18 -1.4277126608221527E18 -2.9781599297132243E17 -5.2920160073312352E17 8.266635802688872E16 -4.083967817630407E17 -8.3631008582814886E17 -2.0360293586796544E17 
-1.35071170871098064E17 -4.7281444608909645E17 1.74767659187934112E17 -4.0171657237219661E17 -1.51172224222094592E18 -4.9109809407204461E17 -1.07771828779474688E18 1.49509001176534758E18 4.7662670631835699E17 4.0950319816051821E17 1.98267195704104755E18 1.807451769627377E14 3.7721530143466074E17 -1.390198941637122E16 1.10088466015119565E18 5.232761426204329E17 1.4910511289725712E16 2.842611788038824E17 5.5714237161839032E16 -1.54742743461771904E18 
9.6381166188629648E16 -2.44311396867368992E17 -2.21928905671663008E17 4.0374347796200448E17 4.6264383275175533E17 6.8332658664340224E17 2.4641553747073692E16 -8.006769461270395E15 -3.1396890627442362E17 -2.42566188681314976E17 -2.26367885965842867E18 -3.4770779950892585E18 1.55612113892441165E18 5.3193278761525594E17 -3.2176070307554931E17 -2.74899381629801184E17 -9.7768847601504947E17 -2.5183688208581504E17 -3.3342772692432947E17 -2.3734131750818768E16 
-9.3454159687718192E16 -1.97465594243642464E17 1.04389064847672998E18 -4.5574396189270938E17 3.3131565838031366E17 1.91545037957745587E18 1.19389171949778381E18 2.01852712494754912E17 1.4433339270399826E16 -3.2165385767661875E17 3.5744519318571245E17 -1.8800202453585772E16 1.91757391949372134E18 -1.33683952779842048E17 1.7535665624392058E16 3.0390111624803117E17 -5.4111350458817555E17 4.9689551813664248E16 -1.48665604291615718E18 -1.0105520597501324E16 
-2.44493944295013248E17 -1.12648863988820698E18 1.3769192474778044E16 3.2523353004864596E16 4.8449708087899136E16 4.7316780943245568E17 -3.0534703527106406E17 -1.18407093914455757E18 -3.456014861380844E16 -1.77953022623630432E17 2.19440509713709261E18 -4.0038622819383962E17 1.82728704615254656E17 -1.50248965271821005E18 1.21590634603232973E18 4.1339726428803219E17 -9.7478686742459904E17 -4.6432282058143238E17 6.0857840129202867E17 -4.9606061553562355E17 
-6.3723273706973619E17 -4.0027677696184941E17 1.40638739028243584E18 2.8863150909854938E17 -2.9273178772657088E17 5.6857175849852736E17 1.02501434486820262E18 -7.046343911792169E17 -1.60790832246985472E17 -1.78183058873700352E17 3.1347074666661228E18 -4.087093846744663E15 2.26328220167409472E17 -1.07777485428769328E17 1.046981262719328E17 3.0869452242331104E17 2.00872647719949824E17 1.204001390885728E17 4.5271941668102752E17 6.900467373850523E15 
-4.8166520416576698E17 1.96405592643901517E18 3.0832305886416956E16 -7.083712686494071E17 -2.8027379295481702E18 -1.77072743977135898E18 -6.4995427126972112E16 -4.9864640277587674E17 5.6179257238877677E17 -2.665078028862636E16 -1.71608744941084704E17 -1.42023757940702643E18 -1.07385707042825632E17 -1.51624757291700448E17 -9.5896999963319258E17 -1.27274991373150912E17 -8.7504393961836416E16 8.007687670483638E15 -1.41229145999785856E18 -1.87608544202634336E17 
-9.616480964122256E15 -1.3327350773372176E16 -1.11024754157014554E18 1.33035575125232486E18 4.6828889045143635E17 -3.826273847695639E17 1.66828732693580006E18 -5.8292957595072845E17 -7.9390178252755584E17 -4.970189393429257E17 -4.7404699930616368E16 -1.38958074841857101E18 8.7347676517533504E17 1.01202183374303078E18 -2.9395666313663994E17 -3.2928813453193139E18 1.28836786809403878E18 -2.39542561859899232E17 5.954171975181796E16 -1.12662419265224464E17 
-4.8317620593366912E17 9.0564632252942566E17 -1.19683549375046451E18 1.7552332177999936E16 1.5532887154376334E16 -2.9069452625808768E17 8.7632779362546803E17 -7.297433154850816E16 -2.48048111605123872E17 3.0247819416950688E16 1.03365617901385872E17 -4.625209695865255E15 -5.2002338000473696E16 1.1967833147244882E16 1.52673092340199168E17 3.4141457270375174E17 7.78869228770904E16 4.7189590548732752E16 7.1729099381431885E17 -3.906972762324439E15 
-7.224518131637144E15 1.70574655966435424E17 4.9384768632903853E17 3.7368411838057037E17 -1.2300212938368512E17 -3.9691886887195248E16 -4.2129696242761741E17 5.837530233608029E15 2.48327646860550176E17 6.5268076785918528E17 -2.11145029182433306E18 2.38556952513366112E17 -4.0309105189104134E17 4.4820621289891768E16 -7.0321716356969384E16 -1.05453076608713293E18 6.6195601791306586E17 4.800389051222887E17 1.22811069367254093E18 4.8767319253125472E17 
-2.08886472246917965E18 -4.689994239488688E17 7.7844508371199066E17 -3.4380668760186118E17 -7.2119226247575757E17 1.75082849344133184E17 5.1636891570074528E17 7.133986996298409E17 -3.906450866421215E15 -6.2228409152048608E16 -2.38892524775844768E17 -1.2933473480019232E17 -1.68738199370070176E17 -2.3591725827945293E18 1.03044991148365414E18 3.332525544831598E16 2.5096778068225908E16 -1.250886301815363E16 -1.32307547326323168E17 -1.41716323632064528E17 
2.26634907992763168E17 1.61632574361228109E18 4.3212745851660186E17 -6.1513972836059674E17 -2.9950932294483386E17 -1.21089180553627968E17 -3.3403056707932538E17 -2.6954521468146876E16 -1.8722957881848936E16 4.9200759139883226E17 -4.579500903780816E17 5.3801618618449766E17 9.620602664792008E16 -4.3715240288850245E15 -2.9461731863035236E16 1.947385238784339E15 2.26681803605958528E17 3.2178035556786157E17 2.9719916176689933E17 1.73028727897459277E18 
3.2360601491000621E17 7.4606657662472499E17 -1.92640493639720512E17 -1.49196574516187904E17 -1.16195409788600448E17 -1.31338017302079821E18 1.5391576033208128E18 -9.7113743084050227E17 1.03779588074565008E17 5.5254360189741504E17 1.6945739128675642E15 7.3329999006508173E17 4.3779420124345376E17 6.3031463201001144E16 -1.33394490269945446E18 -4.9267465936504467E17 -3.9883550004973082E17 6.183335698063032E16 -3.1765673848866394E17 1.30611446402704384E18 
3.6337688708437574E17 -2.45631762960708096E17 1.15684232989886694E18 1.77267342436392525E18 8.359079796200064E17 5.2983849947903475E17 9.1168747863194544E16 -1.73464249310037984E17 4.6213845172079462E17 -4.7648932365452986E17 -3.3680051794039757E17 7.9868641606390208E17 6.127073309545248E16 3.2183979607972563E17 -3.185783406193111E17 3.5054190007829776E16 -2.9758938354017633E18 -1.2631952788456866E16 -2.7269223438204576E17 -7.8949037818840102E17 
2.2888575437973988E16 -5.3675625688284936E16 1.65561379128015808E17 4.0636094227186771E17 5.6911999360921581E17 9.0651940764610496E17 -1.88060272953710362E18 -8.428567062016634E15 -2.9316246468106701E17 -2.60285826768532576E17 -5.738551617433277E15 -4.3489541989498304E17 -2.271163212542544E17 3.4958479816580166E17 2.11853181582766112E17 5.6121127544365568E16 -4.8009971119727405E17 7.667825617602773E15 3.4327797096272805E15 -3.754219322333372E16 
1.9229877435604696E16 -9.9431291752917939E17 1.25567641799086288E17 1.58674044249750528E18 -5.946110754007104E16 -2.67116738886032768E17 -1.9080700952821872E17 -2.50377392149427648E17 4.6938373684560704E17 -1.0719231671945808E17 3.0605978994177696E17 -6.5443246132054384E16 1.34224282815939792E17 6.450239445472535E17 -1.68077174448176819E18 2.6348095870670172E16 -3.8553574878798016E16 -2.5069005459284357E18 3.1861674833551987E17 -2.01557561753581056E17 
1.01863785956664077E18 -6.653183588647132E16 -2.7004642890370447E18 -1.23226359998066355E18 4.7915517756435744E17 1.5900391108162711E18 6.818241661572703E15 2.4037882203995044E18 2.473273116148395E18 4.7159789154287808E17 -5.8768428161313784E16 9.9183687935069517E17 5.2873578132634406E17 1.72782265662469216E17 -1.28607538429938048E18 2.07042923749686432E17 7.5074880946400448E16 -1.2255719574712256E17 -9.5270958023995558E17 9.211286775862688E16 
-5.466288067224327E17 -2.24284758456475616E17 1.62666385441904307E18 1.9519540813319056E17 1.18183953476035533E18 7.7821255563618573E17 -5.5923684547461152E17 -2.20900616571756E17 -6.763421335892121E15 9.0771440890648602E17 -8.9850929019347021E17 5.9556275409002317E17 -1.47655859414443488E17 1.89242087253004864E17 5.9833047730570458E17 1.16273501568297504E17 4.3054937615090451E17 -1.25704880275897216E17 -7.5898697337452019E17 -8.071185917268431E14 
-3.9235243932878118E17 -3.9351302593816704E17 -9.8387915874451469E17 -5.716527539905401E17 5.9850506866839104E17 1.27645949625391437E18 -9.4162233737376653E17 -1.39739882198927898E18 -1.3773194382174224E16 9.9506624472140365E17 -5.3626442581830592E16 1.06512547244190515E18 -1.418891025049171E15 -2.78385037505449344E17 4.5339413253068296E16 -1.6745607201128704E18 5.4139602703998534E17 2.33545628321328608E17 3.2459523835399896E16 7.854072901245808E16 
-1.482849992245377E16 -1.2182904366348695E18 9.1287119455202144E16 -5.4391340766805848E16 1.96595738553222835E18 5.3917617112542093E17 5.4395644475853018E17 -7.3890716192574234E17 3.6777065260765811E17 -6.7735822367854024E16 1.21134056555547888E17 -1.5847540964381673E18 -3.0897288998156192E16 -1.8907520237276888E15 -5.8487129541389232E16 -1.46379025297320768E17 -3.475254078395184E16 -1.07449735017956339E18 -9.8946663736185008E16 -8.007232783495391E15 
-2.9461162043191072E17 5.504154607716665E17 1.6387902746704596E16 -1.92323874890976736E17 6.6755823107709811E17 8.9271033357257408E17 -2.87903983612098624E17 -2.22759404957013472E17 -2.3180478545822592E17 2.909785247023015E17 -1.2721949706010088E17 -1.5087503851476258E16 -5.091782403519648E17 5.5181349635751462E17 -2.4673700644909664E17 1.21819831592340301E18 -9.5460904117788787E17 3.775643704255369E15 1.5650356104337092E16 -6.2446287358145626E17 
-1.09610911841133978E18 4.3130438051719904E17 9.2025141216404339E17 -3.0241729807273768E16 1.9017019014252992E17 -1.2689385840581978E16 9.8079370240214694E17 -2.49361522929439936E17 -2.221643642747664E17 -3.5277738034377088E17 -4.2631306642684467E17 4.4520834084286445E17 1.05070690560947584E18 -6.5986376389877168E16 -2.7115367352488784E17 7.4670528579093094E17 -2.09260563098543232E18 -2.06862416977052467E18 3.2137090393118656E17 3.822705507273369E17 
-1.4385103669319792E17 -8.4876814533976496E16 -2.52808933273488512E17 6.893271043267955E15 3.499425436346987E18 3.2580117560961818E17 2.67925544861814176E17 -2.23986515079619872E17 3.7921596880264944E16 1.04702169702236621E18 4.2396100749991718E17 -1.33554310713758259E18 6.2887445003446899E17 1.45901872155850342E18 1.41644843094116634E18 8.935142803556928E17 -1.05283039602833651E18 1.8253664616201936E17 2.83230464642725184E17 2.6309073152383862E18 
1.10029713419566605E18 3.7917542943954182E17 -1.20130474745226419E18 -4.3658996054452787E17 -1.61804168839969587E18 -1.2948056732697976E17 -3.3292293302313608E16 1.5573304082337314E16 -7.96600440696935E14 1.53173386229312896E17 4.7479749074931782E17 -7.7418820304513382E17 -1.00787854403470288E17 -2.40881712495022592E17 -2.5206491313651651E18 3.5014699488747776E17 4.571315048219991E15 -6.144026182714083E15 1.02238121898208909E18 1.31440869655695968E17 
2.0892209626128784E17 -3.4685671793554509E17 1.70180006734978022E18 -4.2924991025297146E17 -5.055668026798347E15 7.9926171808160051E17 3.6114649310843472E16 -1.73276717757285568E17 6.9584078811631667E17 2.198774400968618E16 1.69113908749830176E17 2.961025863714089E18 -1.17872954351931488E17 -1.39786355173362992E17 -2.00259066679538918E18 -1.3655797676824074E16 3.1677953344633892E16 1.11336565165490611E18 1.28321233800649104E17 -1.65510478538276992E17 
-1.18796644735117072E17 -1.37769000296789248E17 1.3010851213221545E18 1.30906885138390144E18 3.6821771645432179E17 -5.5044709173771302E17 -2.9338497916740397E17 -6.369767949316457E17 1.07117436672996915E18 -1.85037899817370144E17 2.7700634423658563E18 4.0290631365461133E17 -2.53075717464056E17 6.4009253140072115E17 3.1102214184592174E18 3.0537870302316832E17 -8.4597094601893043E17 2.1379587253216888E16 1.78635465986616352E17 -1.4591242249601088E17 
-5.0289728821303354E17 -9.0451465000012314E17 -3.5031251586295827E17 1.79969298133021798E18 1.9282191674815765E15 -5.4218095978194042E17 -1.91059266328284365E18 -5.0877174794339398E17 -4.035431718075224E15 -4.3117547776632781E17 1.13988373567157235E18 2.5378664284286177E18 5.2923012056944806E17 4.1825277265011264E17 1.6294084287954048E18 -1.28495943625155302E18 3.561078776157658E16 -2.13521685552316902E18 -6.38173295337418E16 1.09761307637723866E18 
1.23604907069116339E18 -1.17554730489384528E17 -7.5599459360794432E17 -2.3778574350636548E16 -6.6566789351619736E16 1.00104496635151526E18 -6.5344047325371942E17 4.5657457075637504E16 1.97763324094091072E17 4.0025119234142182E17 7.6241880088955149E17 -3.4810853883372096E17 -7.778796625346992E16 1.10510676065581862E18 -1.45286713495631002E18 6.084951318232777E17 -9.730365709179352E16 -5.3490457400857805E17 5.2044610164128038E17 4.376373199853849E15 
1.59768503283450624E17 1.17048248743900576E17 -1.34401162947166541E18 -1.34647313180459376E17 -7.4777128016398176E16 -5.8986009091059085E17 -6.682257154019497E17 -5.372263338061488E16 5.4049018068185448E16 9.991591353710537E17 -5.5338915825556179E17 -3.266272900009693E15 -1.19031378551811296E17 8.572167737580069E15 -7.458225462683688E15 1.7713607313522654E16 -1.45772226658248224E17 5.3885635902981384E16 2.80127513328687168E17 -2.18944864066229152E17 
-1.44683474031957728E17 1.67375151557486944E17 6.7374180384070771E17 -2.25826209106400461E18 2.56960986562202752E17 -9.3139092348203789E17 -7.7812576460135488E16 2.9523647023436549E18 8.394877571676416E17 1.14925001620328205E18 -6.1284108837735386E17 9.128447087319944E16 1.2644345789907016E17 1.62632149243336806E18 -2.68288497704900224E17 2.7971419726172576E17 -4.1581641593263117E17 2.66169160026799936E17 6.836119283980124E16 -2.0749806854727008E17 
-1.41863050855702682E18 -1.26038159008015667E18 6.822684472283516E15 -9.1090484499686336E17 1.57244256247806054E18 -1.74870640213464602E18 2.3784096530028348E16 -2.57561291274806592E17 -1.2311741407608692E16 9.7546368348420032E17 -1.1556857449391933E14 1.4098328370346634E16 -1.2740725700390544E17 1.5095790649371433E18 5.1192985240492224E16 8.667469820322322E15 1.23904063796186832E17 1.05480433758429328E17 -5.5563587331401168E16 5.5001023961081574E17 
-1.3072153428977344E17 -3.9415807129497632E16 -4.792996692197088E15 7.3705283519352947E17 1.7800551308701526E16 -6.7264172387401139E17 -3.2983228603460688E16 5.0227121114592461E17 -1.76342076168356403E18 -2.61186076898735904E17 6.4395041402061888E17 3.6488142034505517E17 -1.70703159240029491E18 2.34501342997972704E17 -2.77057454896546816E17 1.91412442118497216E17 -6.4382239579091558E17 -5.6855893934521638E17 2.64608288848773248E17 -6.1694065841500992E17 
-8.4485369393053466E17 -3.1585238317310259E18 -1.5105573017333254E16 2.33358370486828544E17 -2.06048740877059616E17 -5.3492896506495386E17 -2.65734211990718336E17 -1.04090561263273626E18 -5.6910276873601818E17 -3.6238285453701872E16 -2.4031868088046556E18 -3.1687254712575044E16 3.0946194561428178E18 -2.62447046852682048E17 1.50452653576367744E17 -2.08066456458257843E18 -6.6478531658575565E17 1.11712906324371648E17 1.7007309343451904E17 9.5400568550855088E16 
-2.1717425005949348E16 8.641519476584824E16 -1.9240071094082032E16 -6.5044211109801576E16 -3.9827571204303405E17 -1.3894784195595128E16 5.149090353751808E15 2.9180316249473274E17 3.9864651653750739E17 -2.4431048827434736E16 5.8541496925791888E16 5.0276343252121018E17 1.831649193299456E17 5.8442649635134963E17 1.6071737882334168E16 1.45469427810263296E17 5.029274894755337E17 6.8948662425671E16 -2.0836560715216284E16 -4.194002379457401E17 
-5.8160107556158392E16 2.2554864845398704E16 4.1842825467706714E17 4.292233672742576E16 9.191564418310624E17 1.14792872683414352E17 3.5783179723174957E17 8.1419078546315034E17 -3.0836856906507309E17 -2.18921854868781312E17 -1.03265358295464096E17 1.65116460724711142E18 -8.4032045184365584E16 1.81624539339260096E17 -4.5015295139472016E16 -9.1456187382308544E16 -4.6772589264407315E17 -1.79899557750899008E17 -3.1043247082193293E17 3.0197991684313638E17 
-5.8465451141352552E16 -1.70933286862580787E18 -7.058204511316928E17 -1.6475410728756962E16 1.77176465759289549E18 1.35064435618507776E17 -1.71311101940986573E18 -1.26944404904145562E18 3.3614456901592152E16 1.25782341896479411E18 2.66308337111302368E17 7.2931567701972736E17 -1.17331947952232397E18 -1.45423443805723232E17 -6.7308046161350464E16 9.6473306768901232E16 1.51584852012836768E17 -1.38021220471881888E17 2.0168909678273704E16 -1.08111693827508134E18 
-7.8164371510628608E16 1.8571103523373143E18 -3.4648210879724536E16 2.62114794423648224E17 -1.23298581944133734E18 4.7251006275959894E14 7.4860802458129946E17 -1.59115555187663283E18 -3.4181050507884755E17 -1.349957789421856E16 5.2148444511166573E17 -2.1977865749813312E16 -2.72097838644226656E17 1.19339629794723584E18 -4.5028322269276954E17 6.7621321002392624E16 -2.62913032473639456E17 -3.8230592019587744E17 -2.0529210177288928E17 8.8162610206831504E16 
-8.8957909126014682E17 1.16547875184388736E18 -1.8865325963582196E16 8.7996685992285939E17 -7.6326314638949286E17 1.23439589452029312E18 -1.295528410484299E16 5.859595971826381E15 -1.5810000292896041E18 1.25310852259909888E18 -1.38121576505687373E18 2.0452277127526956E16 5.8612888942760845E17 -2.61826644133571648E17 6.4991608862037056E16 -2.71877729259924224E17 1.0363835550314272E17 -4.6769138192037229E17 1.43908470986939674E18 -2.71719247852371008E17 
8.7644779814945702E17 3.0108551580329242E17 1.19911274972362704E17 5.8752393818762995E17 2.27629584515946061E18 6.9807148453885197E17 -9.874913947581481E17 -1.81163368097536896E17 3.6595009407774995E17 -4.663516154688372E16 -3.3958905322658256E14 -3.7961652266712698E17 4.182396688396696E15 -7.611807928790304E17 1.03932250228022976E18 -7.5116213142063514E17 -6.4334572068968947E17 7.0745197011109466E17 -2.28605811329150048E17 2.5311298042678784E16 
-2.7599541476457264E17 -2.17081562590883776E17 6.522770358268554E14 -1.14662054306077632E18 1.15768987710552464E17 1.77772110876346317E18 -1.33348786189880784E17 -1.66813277908580122E18 -2.25585876412417638E18 3.8314467375851181E17 -7.957756900954549E15 -2.666122971622408E15 -3.5153492540272787E17 1.56987362055848576E17 6.4134336834758579E17 -8.3193558362013734E17 5.2695658110557907E17 -3.6356044184648723E17 1.2257027201830377E18 -2.7601260438150128E17 
-1.6768309550183456E17 9.086018707718272E17 -2.82725425749809568E17 -1.03733028920293696E18 -1.21388679585661696E17 -1.51322382783753037E18 -5.8157713057216678E17 2.5165099164048176E17 -9.923510288951606E15 1.3477087742919977E18 -3.7028512659926656E17 2.06607756698936096E17 9.1308163868465664E16 -1.58404054188450592E17 -8.7171820205872784E16 1.58569868621242208E17 -2.28171430653718016E18 3.0266147516960646E17 1.46609330992770016E17 -6.4115203176856352E16 
-8.8318421717567846E17 -5.4692706016851848E16 9.8529839959741069E17 1.11358009666967654E18 8.1829704833248166E17 3.4049763320694797E17 8.2573442094065485E17 -6.2620894006367944E16 9.362051180864055E17 6.762293911266151E15 -1.28693553009778128E17 8.3206250191248816E16 7.8132777950099616E16 -1.42816375799225293E18 2.17646721665860128E17 -1.0846583317478248E16 -8.4035130785693056E16 3.3847760210702259E17 -7.4182311150584909E17 -5.556233079276568E16 
-7.4086410534245328E16 4.061303157825904E16 5.551748301939384E16 6.0820517051903168E17 1.7232927804048964E16 -2.66579579081547296E17 -3.8604427532620912E16 3.2397391739772781E17 -2.33277681382745696E17 1.08082583935982374E18 1.41270845969006096E17 1.48522878424659046E18 6.524010984669678E15 6.6707452241791974E17 1.24350666668343296E18 1.22933404048191309E18 -5.3040420148146419E17 2.56256174805495104E17 1.64339511097499744E17 -9.2424103030089395E17 
9.681628772649687E17 6.4385678889486694E17 2.669092078822761E18 7.4649469873835232E16 -1.37441471779607264E17 -8.5704928050472704E17 -1.25314366517703856E17 2.6340853297345408E18 -3.0952390792002668E18 -1.91638336183195418E18 5.963766653601304E16 8.0744757705119568E16 5.1220065946769555E17 -1.86280033106381792E17 5.0973364291439462E17 2.0799144939411552E17 1.70702043093485056E18 5.5589496013806472E16 3.0477794822907784E16 -1.60201245154420032E17 
-7.8490485997841472E16 -1.3838677998897454E16 -3.615101087274107E14 -2.73725954946679008E17 -4.7123584264335312E16 3.5044378310012134E17 -6.5721114826655664E16 -2.47283768591460608E17 5.4174849681326605E17 -1.28897095217469968E17 -4.0598035646384179E17 -2.6708327243018192E17 7.5496014844106E16 5.5811205958813971E17 -1.71358230743057216E17 -3.5366297514273584E16 -5.4363317944410938E17 3.1942128343102432E17 -1.41431148526205619E18 -4.5448079438823464E16 
-1.64833637217125197E18 1.2355208518684416E17 3.9777274244261245E15 8.2027551427980864E16 6.2207419625394714E17 1.40986686588919824E17 -5.403087896398353E15 4.8998468114720141E17 -6.0053502902016672E16 1.4952627551966128E15 -1.34179241846924749E18 -3.0237053148241626E17 8.7282810794286016E17 -3.0134060359008845E17 1.4007977910050729E18 -8.0488022026568499E17 1.03500069346483405E18 -6.6263603880550643E17 -2.43549691002106496E17 -2.5435674927782992E17 
1.97659208463563034E18 -3.355571906545973E15 2.31883686597872736E17 7.278289270424439E17 3.4850524245769658E17 -4.3212537857984653E17 5.3433720567005338E17 2.12583567702463456E17 -8.5224045209669798E17 1.40558242320647776E17 -9.8103376950535344E16 3.9835481994283213E17 -1.18411082468325216E17 -2.30362085654687616E17 -1.4921641769975712E17 -4.7842024978193645E17 -2.7182502538711308E16 -8.5576286192317072E16 5.2203231839816832E17 -3.6928194467069276E18 
-7.4660951412859232E16 1.29747036935840304E17 -1.1039584906228382E16 -2.9244317624226758E17 1.11060400312329958E18 -2.05917696511563392E18 3.325349082688288E17 -2.1879008212161156E16 8.7163197281622144E17 -1.09172067255516902E18 8.2164572387693286E17 2.8788721588805422E18 3.4395394152227398E17 -3.1321736310730511E18 -1.33833873414265062E18 2.12482441934617024E17 4.0397385653443398E17 -6.1250423586611264E17 -4.214560360189032E16 -1.8152361755934516E16 
3.4329607572010982E17 -1.8829933985133847E18 -4.9422933510248288E16 1.42300364794748134E18 7.2933577776482355E17 8.1657325521414733E17 -8.6784481030524592E16 2.4429734136774736E17 -5.2196732354228184E16 1.02655808155846477E18 4.4761985511410504E16 -2.41031458370628832E17 1.15387089045655936E18 -1.22706840419748301E18 -1.8675515458587584E16 2.69711118231078848E17 3.4847575657969798E17 1.45093301076463718E18 -4.7439179468176472E16 2.4655021703672658E18 
-1.38709473401966822E18 5.2011119871330304E16 -1.9520092743881884E16 1.4469231010736087E18 3.6122992670362055E15 -1.97644909194734618E18 1.5427291132062016E18 3.4179041466274669E17 -4.0858060987965545E15 -5.7063339144505491E17 -1.56361793143844864E18 1.2074900128441818E16 -5.317166421581476E16 1.11684191863143264E17 -1.6438463045098394E16 -4.4440035488132824E16 1.24915650614550579E18 1.95732554669285568E17 6.4427131704374758E17 7.0930735936872371E17 
1.52232297598295808E18 -4.723322508589784E16 9.7674742419194784E16 -1.66301936294871008E17 6.2622637456190477E17 -1.64355895937934413E18 1.16747129509652752E17 3.032758343953431E17 2.04261831677828941E18 -1.64271868262349824E18 1.346948639776348E17 -2.04944054504360288E17 5.8543422347323392E16 -2.04160928382574029E18 -8.5913295127884304E16 -2.3483080305808816E17 3.5285714095846952E16 -3.8392990147644307E17 3.7715187607496824E16 3.5844365250858003E17 
-1.5539778439893289E18 -9.082147453152896E17 -8.6773046571037952E16 -1.245883749087168E18 -1.16752700581798096E17 -2.46464585413756384E17 7.498844164084176E16 7.6772533968113306E17 1.8904077827205422E15 -7.066480521214495E15 1.30121686459168176E17 6.8138994450215912E16 7.3568687545562544E16 4.2960714991201069E17 2.15413582514907552E17 -3.6811489171457101E17 1.1294860911913508E15 -1.0988577775300348E15 2.54289885039711392E17 2.2006019337023856E17 
-9.3521237809764528E16 -5.3042852182087213E17 -2.02363688850191283E18 7.6329644111196864E17 -1.01048898719876198E18 -3.7900194520857882E17 8.6817938618363696E16 -1.08149551820304608E17 -5.6962500303644064E17 4.7515318322177094E17 -3.9135975140614288E16 5.3581460519004312E16 5.117605722608564E15 1.03728950801638784E17 -1.6692899494443369E18 4.5679220065901568E17 -1.06975633486840768E18 -8.6283502953069456E16 5.1439718133364557E17 7.7036791349256192E17 
-6.2389458998466048E16 3.8192317653207718E17 3.4673945469118278E17 7.882556764341406E14 -4.9260439533193408E16 3.3454574036285248E17 6.3325488153666739E17 6.6727064961709696E17 -2.0775768260183335E15 5.2470562543989075E17 6.3255855092012083E17 -6.0270621556522128E16 -3.8199566773869165E17 -1.64414584066819616E17 -2.4115410440568976E17 1.32872179239336422E18 3.4749713663005496E16 1.0439738069328041E18 1.00779899921893926E18 2.58639090781409792E17 
-2.0021588717710156E16 -1.11808521113515392E18 6.481422426167936E16 9.9412976863550989E17 -8.3668194818455104E16 -1.0826990387977623E18 6.6451313517809824E16 3.7792264917805096E16 7.3889544584201824E16 7.307956975225161E17 -1.20613170145933901E18 -1.00954933020646758E18 5.5947392132989414E17 -5.098131605246019E15 -7.1937968112377075E17 -1.88129411221509427E18 -1.64909452434838592E17 8.6039508588237338E17 1.23396315772611408E17 -7.5329500267119155E17 
-6.1201749001488845E17 2.01850734236941888E17 -3.3729025419876205E17 7.1459946838696998E17 9.434184263083142E15 -1.47865722295285248E18 3.5773988777333591E18 8.1200291945903859E17 -1.95607866409790234E18 -8.524008006244211E15 -1.02126721323892544E17 -2.620678080252777E18 4.003351936663475E15 9.9370734776209293E17 -1.919848862516184E17 7.7122349378493856E16 -1.0954936324420798E16 1.8069019205108784E17 9.9346295566467008E17 -3.382122250181705E17 
-7.9854856050808154E17 9.719340313744821E14 1.0625575022369184E16 4.2802713371614656E17 -9.9589442444599347E17 3.075000575283044E16 -3.2090510090764333E17 5.1507356107847752E16 2.7121099069930957E18 -4.6440345980098352E16 1.41286791272133222E18 -4.9444038260365304E16 -5.916351224874013E15 -7.228928438818152E15 5.1624978639620032E17 6.2200389548584048E16 1.01499922146805658E18 -5.1367495641327181E17 -5.276502039064372E15 -1.4357787847385894E16 
7.308301199584272E16 -9.8823374272542976E16 -9.871915145278552E16 5.4020800388980493E17 -1.21859405575718042E18 3.1881712856926368E17 -1.52163301386378144E17 1.50380731811024717E18 -1.47102976484932352E18 6.6377716541032602E17 2.7955055959085256E16 4.8257276805215608E16 1.61176058719279309E18 -5.6701497835697408E17 1.08325234012645926E18 3.088867135353844E16 -2.9645511391071546E17 -2.2051031386871824E17 -3.1012687753033979E18 -1.39756710431573888E18 
1.19404364302107408E17 6.68832605447388E16 3.0902852985728384E17 5.5698295599457648E16 -4.8201324146032776E16 -8.2690289006279744E16 3.7634613683371789E17 1.60062138989086259E18 -2.896782386158809E17 -1.77888599905334848E17 -2.2664676916661496E16 -4.8699987718591808E17 1.54256144094040896E17 4.8298130643414138E17 5.7476651604233933E17 2.6981833288870764E16 1.32602849615518928E17 3.2627671676616416E17 -3.3513701649579686E17 -1.60090419238747776E18 
-8.2892781472437744E16 -3.088521546186391E18 3.3365735491668147E17 -1.22242485060704307E18 -2.1283692009244704E16 -3.4799542093587962E17 1.8706603784335012E16 4.4500353278177664E17 -1.29968122096561536E18 -1.58653008529568E17 2.53060334216776064E17 -7.7976975154561165E17 1.87621857674411622E18 -1.68486783872826419E18 2.37111377710996256E17 5.8433509910321712E16 2.1323798468841808E17 -2.2000714849567376E17 7.4339971465516592E16 2.42447921999722656E17 
1.34925052117759181E18 -4.716119083769763E15 -1.62365030025017421E18 -1.74695351282193184E17 -3.6063236020884264E16 -6.034904486135601E15 -6.6517425249487526E17 7.239589473008928E17 2.1630266175316564E16 -1.46188932287818656E17 -4.6696378435986746E17 2.28425676383373536E17 -3.2256925940364179E17 1.86968295770210688E17 1.855918563570912E17 9.088321628393184E17 -2.04565556077081216E18 -2.3116092503632604E18 8.0546341909205632E16 6.4031213744388454E17 
-5.2896878807302304E16 -9.2679055855910029E17 4.9248378384122728E16 1.93130876449662624E17 9.2569704900121626E17 1.1721996296991206E16 -1.51758146196857856E17 9.1591172721220147E17 7.566779103790752E16 6.840934406876884E16 -9.8391166946418035E17 2.1858383550193156E16 -1.65219334465826656E17 1.44383643274485069E18 3.4835505903957636E16 -1.85792519751044787E18 -1.9965668618971817E18 7.2872914944364378E17 -5.6845525769616512E17 1.26995235480397568E18 
-1.85975824995926426E18 -1.9008411896504052E16 -3.9658675402515232E17 -2.60909779207083392E17 8.846436213543223E17 2.923869296072057E15 1.8270306691286668E16 7.4227283428625971E17 1.05911207030855616E18 -1.01329197611681894E18 5.7115691188665E16 1.2970444769532498E16 -8.4987505518974298E17 9.6463191657104486E17 -6.6277157134882214E17 -4.040597904532788E16 -2.2264984933750794E14 1.72471069777720448E17 -1.8899506226077929E18 5.020974404590237E15 
1.10565363376417152E18 -1.06391677340773747E18 -5.284704873380457E17 4.1077935253336056E16 -1.63419563603148851E18 -4.7773195698570568E16 -1.08937495005822131E18 -4.5944534764870579E17 -2.10620027533956736E18 -2.6421381916247148E16 2.27676008510443264E17 1.27550644972045645E18 -5.9374262369240294E17 -1.14934011292853299E18 6.0629426569871501E17 5.2184249781481512E16 -1.52311181270204774E18 -4.352631606214645E15 5.2836368798901555E17 -1.5190168965408896E18 
-1.0270014080554611E15 -3.4471222287019245E17 -2.3211424230190828E16 -2.1864195240178128E17 9.0615893614401715E17 2.18493018270584896E17 -8.5991510852665648E16 5.494560533637153E15 2.10573955162642304E18 -1.34719019150838426E18 -2.67285671955035808E17 1.83815606627471936E17 -2.8821476542394291E18 6.7393052004895347E17 -6.0339133451593165E17 2.12995099636224896E17 -1.24862705451636378E18 2.02064122833489856E17 1.1495945965981576E17 1.46604245560174912E17 
8.1285015764799373E17 -4.5325738671412872E16 8.1371887642922611E17 -1.08863043685562893E18 5.2939013151978637E17 1.3358039774504408E17 -1.10550840107645616E17 -3.2699945364172109E17 -4.7074408307999296E16 -3.6023531282052397E17 3.7550323543167488E17 -3.6083324375006736E16 4.2785515947186496E17 -3.8871492683488275E17 4.068589292966231E18 -6.1634628420872864E16 2.7320513658464688E17 1.00650780092802522E18 -2.63845526088467776E17 -7.3019455458421504E16 
5.5500065854316634E17 -8.259580430892968E16 5.9392371209510682E17 -2.78746172152393536E17 1.23196202218651341E18 -2.906001607943138E16 1.17493090129174554E18 -6.020358184713608E16 8.167006938235528E15 -2.86628215451927712E17 2.46320657004601536E17 9.9067595272531494E17 -1.55964269035957632E18 -4.5360819162673664E16 -5.067186797892588E16 3.7311377056024032E17 -2.5445088108551848E16 1.63560711935001472E18 -1.44526766422794496E17 -2.57623387278718144E17 
-3.5355988768544083E17 -8.0469224501341296E16 -4.4356069850244337E18 -5.0090586438172544E17 -3.523676147264828E15 -3.4735814311686118E17 9.7007747212682547E17 8.2483400142685389E17 1.55492171619859712E17 -3.5068781775372045E17 8.1380149293627827E17 5.2644603645483949E17 1.4545710706482112E18 8.6639732943251341E17 -5.4794951622038234E17 -5.1975832294986944E17 2.34522320307520704E17 3.0969223164150074E17 4.4310213082243661E17 4.299538608755752E16 
1.708066701832144E17 -4.7967930488613832E16 2.23779209774565018E18 -8.4568023541029632E17 -9.4196900912990963E17 -3.885153661396711E17 -1.02209891563742272E18 -4.055947429289856E18 -9.1844878148072934E17 -1.03308350962082768E17 1.846777859296672E18 -8.7111285814192256E17 5.4049544539216621E17 -2.7254687940358866E18 -6.305022338244926E15 -2.28558036786705216E17 5.9010122087241696E16 2.1633489566484912E17 2.3916098160542216E16 -1.90536137732655744E18 
-2.05769430888681504E17 -1.4294980816145408E18 1.27424658743244064E17 2.7808836399535648E17 -3.4831767136445036E16 3.1857343750920838E17 1.83142074678251904E17 -1.4458152336459159E18 -4.4889398128543174E17 -2.24751713995707059E18 -1.1852746084114976E17 1.059365493228745E13 8.2923540419985254E17 3.764642905716279E17 3.5791171315901555E17 -3.5417554547913021E18 7.1913912638817766E17 -8.3065722263450832E16 -2.7767515697632768E17 7.9771328809738464E16 
7.9699561505164608E17 5.9541489446309656E16 -8.245047997736688E15 -2.900355750843065E17 4.8944187630094118E17 5.711936162695296E17 -8.818728164631451E14 -1.31528874560568909E18 1.0250429780329918E16 4.4217693132376576E16 3.6982398750726832E16 -1.62659893672521498E18 -1.911841518638408E17 -2.6060168643924656E17 -4.6866116288918392E16 2.8148149926892596E16 -2.70621404825762112E17 -5.4472806961432742E17 -1.4618915329772966E16 2.2832305580626416E17 
-6.879755468747736E16 9.4065132427637056E17 -7.7118595544437094E17 6.7591791153981072E16 -2.3102914466228367E18 -8.919469121373839E15 1.20539529507482144E17 6.3093925074806054E17 -3.4944909214019834E17 -1.66199392575765581E18 7.4114881176051376E16 1.0244925424734608E16 8.505056323217577E17 -3.2158530853362106E17 -8.9047394762164493E17 6.8260762550499392E16 3.6401259130849939E17 -1.15282214483274611E18 1.1788145894454615E18 3.6874668061255258E17 
1.98777559892995264E17 6.3177374868834008E16 2.06564707391781184E17 1.25686745993451664E17 -8.6075390185356979E17 -1.80413067104515264E17 -4.3055209533707864E16 2.6175005427836468E16 1.1961977044305598E16 1.40909858147513114E18 -7.924492034566479E15 -3.3569027596046803E17 1.92763389263158963E18 -5.8000009020961498E17 1.59303632237174304E17 -3.9076515144969331E17 -9.308556358954874E15 -2.14934860672076928E18 3.796280236336944E17 1.2311079428271401E18 
-4.808209477183711E13 8.610240926805833E17 -5.806059967139172E15 1.74532711555601504E17 7.3649046416889856E17 -7.3051148527272819E17 1.73862125141182464E18 -4.2760182726781658E17 7.6888463123965344E16 -7.2685664989885008E16 -9.7800349233476992E17 -1.37981270793969504E17 9.2715767733729792E17 -1.1920873906180336E17 -2.72162813706550432E17 4.3050256496659923E17 -4.0949243464084792E16 1.1848966070378604E16 -1.7856947034834312E16 1.29260749164543642E18 
1.98967917783331277E18 -1.25663712454335424E17 -1.06627141540348352E17 2.1675382035641904E16 1.0563439101835354E16 -2.8908747572537866E18 2.9061464955915402E18 4.405074903950793E17 -1.25144761663843616E17 -5.9213016787602189E17 -4.8569520576919187E17 -5.1955369734233466E17 9.19194747626465E14 2.23170135507750336E17 -3.8326138500004019E17 1.25658501976973466E18 7.350893375625783E17 -2.72522303329305888E17 6.285310656396137E17 -3.7981442577130362E17 
-1.62394384905499546E18 -8.8278279922365094E17 1.05369549792711568E17 -3.2867986141111544E16 5.7064678574392333E17 -2.9975710273475236E18 -4.7397654986792173E17 1.48009068897388902E18 1.01173224907818816E18 5.281340414272343E17 -9.828149854924346E15 -6.5374028729169562E17 -1.756557325191895E15 -1.96987664003086208E17 5.391023612912799E15 2.9105287242760864E17 -2.05798759141226752E18 4.0043928334177144E16 2.7497207015992864E17 8.6865650678173965E17 
1.47336478097003622E18 2.80382784072922336E17 -2.15435092604582246E18 7.4283297787642893E17 1.18427693093955872E17 -1.9176446968439136E17 -6.08081685127366E16 -1.98102174750628896E17 2.7195183195823108E16 3.844138565771896E16 2.7021874292494423E18 4.0837337544148051E17 -3.0979843200440275E17 2.6481681935622568E16 4.8672864532354694E17 1.3789544890764582E16 -5.8199695383578024E16 4.0944969682687976E16 9.3427454819540272E16 -4.4814967794890912E16 
-8.9556093019464576E17 6.0550944440217843E17 7.3838876046654131E17 -7.6306911812513728E17 -2.9087367490925722E17 4.818507663090464E17 -6.3350349802818216E16 -4.6057851493452122E17 1.96681799528903373E18 2.31781785214104832E17 1.45836171519023232E18 1.6699046246352346E16 -2.59149925369246624E17 6.93823508517532E16 -1.76059393148842445E18 -1.44357419748173152E17 3.8209638858712794E17 4.1653471815357818E17 8.1977777571279104E16 4.124949509094137E17 
1.49397526711568096E17 -2.1554069215017392E17 -3.0471732260912828E16 2.79071638806591648E17 -2.14118297577962138E18 -1.59350101096125856E17 1.30301404462111667E18 -8.6527616589040368E16 4.1956540460203552E16 5.219391707591532E15 1.2422523217143657E18 6.9995234812874893E17 1.82749462263271584E17 5.5363254186912621E17 3.716970831146448E17 -8.5650920817515533E17 4.6445115196054568E16 -1.30606842721612698E18 -7.3351464056528154E17 4.844404241963312E17 
2.59531851410408E17 1.0423775730977448E17 5.9140645560325184E17 1.14245856181614064E17 1.14721951854740826E18 -3.9156438715610448E16 -4.8823578429966541E17 -6.6254132153886112E16 6.9599415742593651E17 2.35216548208765472E17 -5.3693702009337888E16 -7.0308930629956672E17 8.00870711192592E17 1.79869290557813658E18 -7.459344200087392E17 -1.906885617550666E16 2.5844207125881277E18 -7.4221138971087898E17 -4.2744540403278445E17 1.671041657215711E16 
-3.1676517432032301E17 8.8242344408907744E16 1.07754571853584205E18 2.08070866089051168E17 7.9017309611516752E16 4.0261301391049648E16 7.0926898360010112E17 -1.25120234548579984E17 -1.13430769737351408E17 -7.891527797797559E17 1.11575854068838861E18 -5.9979116839254694E17 1.08138261154857971E18 2.01743689587445152E17 -1.23312669409555994E18 2.36880676184952384E17 3.153471271720068E16 2.3121587353895168E17 1.02396731341322227E18 2.07102067748517018E18 
1.7362844579784538E16 5.3201850597118394E17 5.803215230852393E17 -1.6945069353091776E17 -1.31141992319660704E17 2.10037514972567968E17 -1.49210883776990848E18 1.02520137584300339E18 -9.068058620390586E15 6.8465736337052186E17 2.13620301755456288E17 1.3108053844352084E16 1.1300147065634734E16 2.10733222274576333E18 -1.36783291588254106E18 -1.88884539278766541E18 -8.5714264744365222E17 2.04514116994675648E17 -7.257193722012504E16 -6.6035954384480768E17 
-3.8594712891233056E17 4.5696696169332909E17 5.0675191759719661E17 7.596312811232448E17 -3.2754539830512915E17 -1.836903522223436E16 -5.4320455457561747E17 -6.1211503167630472E16 4.3415392561928365E17 1.7879760596754912E17 -1.41590773269359642E18 3.268886891959273E17 -2.54395671036988448E17 8.8113106075691443E17 4.3815723828235578E17 1.3393325773678172E14 4.8668318257486248E16 6.6567763622711181E17 6.80258299446695E15 -5.200923647725583E15 
-8.0634522234564016E16 -7.454724568172343E17 -1.245859998037127E16 -2.14487747800399923E18 -8.9184729894513869E17 9.8812946512937312E16 2.07207970582433024E18 -4.3331980871305536E17 8.0666953638422605E17 1.79033537467832832E17 1.2941692995732262E16 1.4082165629719904E16 5.7722233323634944E17 -3.490863582100344E16 3.4215184230066893E17 -5.7757357449287616E17 -7.1926371632111352E16 -2.12638326499731174E18 3.0068040238727187E17 -5.090760555318057E15 
1.76868528479396928E17 -3.5306040237366579E17 2.9869586142714413E17 5.872079321440855E17 -5.5240755410046643E17 -2.5702473078413088E17 -1.35851931623804816E17 8.2196094708817549E17 -6.5076236634854416E16 -6.8101913259259597E17 5.5644904904535962E17 -3.1401765996333356E14 9.9204012722119846E17 1.1722771129876872E16 1.72897995192147814E18 2.74478058742988192E17 1.11493656884196736E17 1.05705951369109792E17 1.3393337124087872E17 3.8200493825392858E17 
3.9892552622682195E15 -7.5372350933966336E16 3.1065818809189325E17 8.4392787046863181E17 4.3900582030156883E17 -5.033749801887927E15 1.25420430356870477E18 9.7873596647997696E16 1.59815285635068224E17 -1.27136101822053888E18 4.323685969966014E13 -1.5278751510176896E17 -9.1068725972883456E16 5.2576416052983981E17 -2.28125586529801184E17 -1.13254491539749536E17 3.8233421736447024E16 7.4174870008241712E16 -4.9629240675226808E16 2.3185836680632131E18 
-2.0615297341062832E17 3.3546776142527667E17 1.6391627101790726E16 1.21715059816834048E17 -3.4133801248106511E18 -6.1615189818410342E17 8.7948529275795878E17 -5.0957815177915424E16 -6.5552432206627944E16 1.03559837585034547E18 1.0959895775297056E18 2.65301110513424064E17 -8.3924628117193626E17 -3.0185790437541651E17 -1.34173863670069088E17 -1.6411999549051774E16 -4.6533875218533101E17 1.29086639685117926E18 7.791489967975056E16 -2.3194359865908348E16 
1.9336128298730416E16 -2.2316530446168904E16 5.981958046405006E14 -6.6209574021328208E16 1.12009861770178496E18 -3.1576886872464288E16 9.9983843578760768E17 -2.5119642052238992E17 -7.0032216421243448E16 1.67299815633746528E17 2.6058974588874316E16 6.2851120705124632E16 -2.31698538891852E16 2.3876364541424172E16 1.65026457746057523E18 4.739786262107068E16 3.0862682479198536E16 -3.1646648796735418E17 5.9125122549977011E17 2.20158341572583328E17 
-1.20871491333486032E17 -1.30328678170516403E18 4.2884022355755078E17 -6.2227603120988198E17 -3.5449647743485946E17 -1.53324250119531238E18 5.5795154690543226E17 -7.0257086858429872E16 8.3510898686742733E17 -4.8781221418104237E17 -4.9921709148024915E17 1.3120130973714729E18 -2.914203740702581E15 -2.16303678455952973E18 -4.6403507130980634E17 -1.25002508507736448E18 2.65549758351296256E17 -4.8766792821485544E16 3.4651647575208973E17 -8.368573422568729E15 
-3.5298058035748794E17 4.7038606582032634E17 -1.69318954500721472E17 -9.5161543420918016E16 3.7759001195804908E18 -3.3864131156567347E17 -1.2299552313863944E16 -1.15676339982620877E18 -1.6622079217180265E18 -5.3160270019253126E17 9.0083808153320051E17 -1.1395710001494145E15 2.47741736049328224E17 -3.0588467954882604E16 1.42451910078713549E18 -4.7312826372908664E16 -5.16128040414418E16 -7.6966596195166771E17 2.8831177559576279E18 2.9046737601392973E18 
5.2856603194348902E17 -9.3746539732165056E17 -4.5687141243867565E17 1.83936159849955904E17 -2.747959196026208E16 1.47221526211616576E17 1.14682198688700058E18 1.02223136924467744E17 3.4833830472037747E17 2.04293579440825651E18 -1.49629531755421952E18 2.2394781929912752E17 2.36383917938644128E17 -2.82356221891137376E17 7.833888844971636E15 8.8619646028013043E17 -2.2355829564302284E16 1.65720541987451328E17 1.22969522018994832E17 -2.4469876758373197E18 
-3.7486691945804659E17 -9.1506494316528432E16 -5.9980865329389624E16 5.1602004258863168E16 1.13079697686433267E18 4.8859853135077274E17 -1.30540413638423472E17 -1.10495798982459904E18 -3.6192805036656326E17 -4.5324142324837136E16 -2.7891304538934026E18 4.0416327347090982E17 3.0108885927934176E17 7.2833842798356634E17 3.6203998908575648E17 -4.7683277820920616E16 -1.23741409361815344E17 1.80364968042858675E18 -1.81865271587523302E18 -9.5042370826417075E17 
-3.0575712364560966E17 4.4935916734285811E17 5.953532743372615E14 3.7936475363072096E17 -7.667655512296073E17 3.0437324772850259E17 6.6051696767225562E17 -5.367669237850743E17 -1.0557937594423936E18 1.10616368424301274E18 4.4842218347843616E17 9.8069709194024563E17 1.73857920501344512E17 3.78729744978792E17 -1.87827981296462816E17 -2.17898427347354144E17 -5.655645888940724E16 2.3117489706961052E16 5.4595019189856326E17 -2.743581542117549E15 
-2.9317007477261616E16 6.9350687975415136E16 2.11300582565048858E18 5.577519554210188E15 -5.0182363122173485E17 -4.2937913115479027E17 4.2379946483968941E17 9.733810643277431E17 2.70034154616295904E17 1.07018207439132576E17 5.932214154775721E17 2.8080084870063648E16 -4.864478159383447E17 -3.4103135648289133E17 -1.6462068706642608E17 -8.402032916524126E14 5.0095140737106579E17 -3.551616999364594E16 -1.34121024874028006E18 8.8396367862447888E16 
-5.0474971695687501E17 -3.4399806039407552E17 2.6873887988870896E16 2.87129350070695456E17 3.7048808344345306E17 -2.47405763430080064E17 -6.6548949470893072E16 1.04560385872197504E17 -3.5196945841782554E17 6.546734575611368E16 -4.9904475149831578E17 1.55917444492623104E17 -2.02339793024869408E17 -5.7411383751831021E17 3.3781184091936038E17 6.3074807977845658E17 -2.74549117615703808E17 -3.239099857674087E17 6.213861582309114E14 -1.95975929102072934E18 
-7.1257300713441997E17 -1.27295318189144934E18 -9.095498879132772E15 1.39004295683842976E17 1.72355118589680032E17 2.29174736173086144E17 5.0039638286843571E17 -2.959387890812391E17 5.2862700582618976E16 5.4475663684340048E16 -7.3770032423698662E17 4.6302847438879784E16 2.1877020744866848E16 -1.10502385929134224E17 -2.59721116999073728E17 1.58629136943083648E17 -8.8284178146402432E17 -7.5167483120751088E16 2.1348456870463688E16 -9.24275357140266E15 
1.953927509869178E14 4.1528200724903622E17 -6.109624841108932E15 -2.2836396224685348E16 9.9846420604550413E17 9.9318920965312896E17 -1.24933823614444518E18 4.7978104012005984E16 8.140952300891472E16 -4.9184300296846221E17 2.903324040982886E15 -1.6313064066419904E17 -3.2421672353199626E18 -2.4625802267636275E18 2.41248220924011104E17 5.7565933046025299E17 -6.1158588294861504E17 -1.70744885075935296E17 3.2128655667646896E16 2.3330530322507612E18 
-4.1227146558661926E17 -9.2452304044250128E16 3.7656364345035878E17 -1.66036394254964941E18 1.864243325804896E17 -3.7765330046731256E16 1.15791651965880474E18 -2.12129884333135872E18 -1.27234269734900864E18 -7.439235929596841E15 -1.0484247625352242E16 2.3545739323774449E18 3.076939209980557E15 3.5603487335341261E17 3.688640458019495E17 3.3270713094710547E17 2.8201781281940968E16 -5.555281356706563E15 3.889814410595913E17 1.10784343812905254E18 
5.086635760098951E17 -1.86479913533652608E18 -2.4261654024913856E17 4.62492144554139E15 1.4935276006398057E18 -1.4937793345587888E17 1.18893550533352096E17 -2.3481401975858764E16 -9.600824586979746E15 -1.03832810279651443E18 4.0499654271529434E17 1.768334127995032E17 1.17388836775747904E17 1.1458253494414356E16 -5.2479017234589146E17 -1.0971245440937026E15 4.6618914169168653E17 1.13279086623586816E17 -1.2663620353222105E15 -5.58883679700104E17 
-1.12727907838761792E17 -1.40185515739224013E18 2.50918659634886048E17 -4.4251058708449754E17 -3.8163930641084454E17 -1.18828598008501968E17 5.922764785955845E15 7.592286257669257E17 5.6032228231140883E17 9.712169909654976E17 -1.02503743202375952E17 1.17466882442378701E18 -6.1760259648788838E17 5.466695908329356E16 5.0733339802370304E17 1.55348942009697024E17 -5.8270703458996122E17 -2.74811657426482624E17 3.331328369126408E15 6.5188731988092134E17 
-5.8610118933356186E17 -2.35025537187278368E17 -1.3938333707550872E17 -1.9978767070105152E17 -4.6937422931634328E16 -2.4852966563426356E16 1.9489668326994132E16 -3.2875382596743925E15 -2.00658665197644352E17 -1.3615047054621004E16 -6.0446128891880792E16 3.4095461347735418E17 -2.7235550809003152E16 4.5272911395197139E17 2.8816709556831396E18 -5.0968797619338547E17 -3.0264227705365421E17 7.0374485360177101E17 -1.54554303973690829E18 4.1232783484118554E17 
-1.02437308448923725E18 -6.9544608430287411E17 -5.1367021130497965E17 6.334123832401448E15 -2.19893725851371776E18 -8.818450198088391E15 1.47957656360873184E17 2.261639425686766E16 1.66406838204351456E17 4.4656071347156408E16 1.43321798268900352E17 1.17476568488334899E18 5.3691310487056934E17 -1.56382592178752992E17 -2.2794858672076432E17 -2.19692865715356576E17 -2.5699489838630548E16 -1.37971593376780902E18 1.9214596638493248E16 4.7384518595072728E16 
-1.22856535070117632E18 -7.300522506646464E16 -2.066094449248703E13 -9.7499820739008928E16 -1.27953785302676019E18 -1.3656171222778704E17 -2.1926217478537824E17 1.13879450408482928E17 -1.05877283692429939E18 -1.83653053645542118E18 7.6168567375941632E16 1.01992646764118432E17 -9.5484479497592512E16 1.491753461307923E16 9.4686548372492448E16 7.1818932888679936E16 5.1523130995776589E17 -1.27859794853630848E18 1.89043206792426816E17 -3.7992873386382367E18 
-8.6581186561493328E16 -8.6254095253120544E16 -1.47643942416066381E18 1.7856036074718448E17 -4.9385519887544304E16 -1.68472941230734496E17 -8.0317956841326886E17 1.79033908367655616E17 -3.3401474685104544E17 1.20469110861133024E17 -2.341200293568159E15 3.2102382782444148E16 1.28126655932219472E17 4.420472017321648E17 5.0081385332016742E17 -5.2175133464269232E16 -9.6215927342614704E16 -1.68985854712606208E17 3.7479253657631507E17 2.19185177370433536E17 
7.4717045119452429E17 -9.3411132485719514E17 8.1781189561890547E17 -1.70926750310643866E18 3.3851402975621798E17 8.5166623948570112E16 -2.5566610651550715E18 1.52577333547869248E17 -5.6723426947358726E17 -6.534712887742911E15 -9.9033068608307936E16 -2.38076707788307776E17 2.1635627288706732E16 -1.36331652436469056E17 -2.02887847183666336E17 -3.9655077312801798E17 7.731779640976901E14 -6.6330104738809944E16 -4.2124893342090944E17 -6.390845215097034E15 
1.19459588515576992E17 3.2751284745043928E16 1.14061070459939354E18 -4.541759141636523E15 2.61637836654305856E17 1.41262070794676048E17 4.7781071548391341E17 -1.00714435129484784E17 4.0404471840562899E17 -9.7738851057926362E17 -1.1575001650221952E17 1.141211044865248E18 3.7925264390230548E18 -3.7561803317064032E17 -3.761291056824724E15 -1.92471643650744141E18 -4.7062439286477312E17 9.1715993611686886E17 5.1489572532613043E17 -7.6370943911894176E16 
1.18337589686399072E17 -6.289541426971968E16 7.9287257533973184E17 -5.120361580884163E15 -6.5173052954302144E17 -8.256547634724624E16 -6.4195538629386419E17 -1.41503837476886528E18 -4.1237897734160232E16 -4.1978561929896506E17 -7.994621143382703E15 -1.19284031472654272E17 1.35786700237136512E18 1.86795815479307597E18 2.61292200100472096E17 -6.8561118816573312E17 -1.34477250646524848E17 3.9276750267013112E16 -6.9384346479366003E17 -1.20699300245646003E18 
-3.3728040288681491E17 3.6528941289807738E17 -3.6769837978993293E17 2.07209005373867648E17 -6.585576251461399E17 -1.89447435500443725E18 2.11308868981480736E17 8.9844623544253248E16 8.2862630391363917E17 -8.9634196191960461E17 -2.9933851408526164E16 2.70176616379049408E17 -7.4697159808406515E17 2.2987027942584176E17 5.130220937704108E16 3.8822090081601478E17 -9.0199048178216666E17 1.32143838117618016E17 4.5049378351072368E16 -4.1754699711587558E17 
8.0362065335194394E17 -3.3174070043712038E17 -5.3651253031480659E17 -1.92584470727598566E18 -6.3543319749625368E16 2.324197580527552E18 1.57349192146770765E18 1.02985068639798544E17 -1.08970333094373965E18 -4.6155767195284454E17 -7.1709142182378032E16 -1.2629744590778601E18 1.34399714406841488E17 1.27072582954064512E17 5.0793670209051846E17 -7.8705704829387917E17 9.1177942983593664E16 -7.7924883632818022E17 -5.6167011951594925E17 2.1114197613551056E17 
1.16961986158106368E17 1.7969010282630204E16 1.9518191026886896E17 5.4901694567368653E17 1.81457439486170016E17 2.66496355533768608E17 -2.4521819234110838E18 -7.640704627662276E15 9.6359226542132848E16 3.6605942941599168E17 -2.01142337528249702E18 1.59281782814547558E18 -1.97072569394800288E17 1.02511253118769459E18 -3.0899425953534234E17 -2.13964030981925888E18 2.6829723699991848E16 -6.1032614388435251E17 -7.122370006124669E14 -1.21104996067930726E18 
-2.82202862804697472E17 2.29889580009284512E17 5.9351025021623155E17 4.5072414131249984E17 5.5091139725116954E17 -6.5232600287828224E17 1.44732941244000416E17 -8.5237396190998938E17 3.6057493804115834E17 1.62191567382547296E17 -1.74276625326177792E17 -3.5812934619138515E17 -1.51234817348299392E17 3.1586052181830216E16 1.74400031285937952E17 3.5938072347792192E17 -3.851920474294665E17 5.1473141411458746E17 -2.657116004990712E16 1.11394113875284256E17 
-1.79939096109676262E18 3.526383545648048E17 -2.051724496637544E17 -2.29515433067776282E18 -1.584068538675282E16 -5.9307909390345048E16 5.6012606280229328E16 4.5843713749019507E17 1.4883729059407232E18 -2.05633938320477984E17 1.28513550861325875E18 -1.47685897259606912E18 -5.9692809652363162E17 8.6158106676859738E17 1.37923209120808368E17 -9.333042130456064E17 3.7721256592270032E16 -3.2367991268135296E16 -9.0767001356807424E16 2.43269801568178304E17 
-7.7530939126364256E16 4.6309912959831763E17 -1.2237916867289808E17 -7.7425274331757914E17 -2.3743207408657952E17 -2.07899719609988787E18 6.9161909629612454E17 -2.73447258490753856E17 3.7535907951087424E16 1.7565570500270176E17 1.31168782971264464E17 4.2100063505629344E17 3.2138104990451775E15 -9.6417608373256208E16 1.87835804187058534E18 2.9411425857344563E17 -1.13422983422866464E17 2.05187006725393843E18 -1.44091578348589952E18 -1.0208750827560616E17 
2.49010519524921824E17 -1.04604957749517056E18 -1.297964853627591E16 6.4685876986082035E17 -1.74112228621313376E17 -2.104942654739613E15 5.5426133563642904E16 1.65481943289110067E18 1.34278045804612659E18 -1.83199697990403635E18 2.87166439524956896E17 3.0709522171942084E16 -9.7179257012135283E17 -8.539455350636513E15 -1.47937734696695904E17 8.6584654123587891E17 -2.03238364763570176E17 -1.40925734506391245E18 1.10119416782307661E18 -2.72949195509612128E17 
-5.7202111876256941E17 1.44893885473740237E18 -2.7929597889937156E16 2.9961732191315987E17 3.1177532171807098E17 4.4512110758638536E16 -7.4063112775040688E16 -2.29881161204345472E18 -4.3585295814729145E15 -6.1512941073850995E17 1.33408505904203136E17 -1.1287643930243708E16 -2.5547927806409456E17 1.69841489679880038E18 5.6998519725380616E16 -6.2429119805682611E17 -1.715075313056728E17 2.1498506881472148E16 1.59469608962963136E17 -1.50959927277356416E18 
1.5437160725759252E16 4.8323450140588493E17 7.9732488114734822E17 -1.16595853294893952E18 -8.7027810258253594E17 -5.448214613588258E15 -1.13000348181216624E17 -8.6548703433002931E17 -4.622745525614819E15 -8.789730748775511E13 2.05159637029720288E17 -1.73995900497608896E17 -4.1371403589123334E17 1.36842110680548016E17 -1.62766760273738464E17 -9.2257248324672499E17 1.05381294197210906E18 2.08712244062167552E17 -3.5647268255965764E16 -7.5802170279282035E17 
-2.10507690727512602E18 -4.4763602269507272E16 2.4668281110228966E18 -8.2488686968251312E16 8.992115592712121E15 4.7876881129490424E16 2.3457873459651808E17 2.9014512869013107E17 -4.5386086232296224E17 1.8325730278899543E18 1.88993780780537395E18 1.22972940623846733E18 7.7185518413587968E17 2.03618686430797856E17 -2.286429395265768E16 8.0223584233958733E17 8.414901941696008E16 -8.372908627307973E15 1.61519856150393984E18 -4.352087638197072E16 
2.09172408458403744E17 5.2440456738393747E17 -1.12936802891768973E18 -3.0535753184557757E18 8.440236643684568E16 5.2950391376634515E17 3.9297006966761584E16 1.64891804709421568E17 4.2759483502555625E15 4.8783516641981248E16 -6.5464575997423336E16 -1.526846145024338E16 1.96161975487832499E18 -5.5912564902377416E16 4.1657428841528544E16 1.51151990105042912E17 -2.41664016477597216E17 4.200982408354679E17 -1.84559081919961626E18 -3.9343204032812947E17 
1.90038934359558976E17 -1.19422872056096464E17 -6.8805612306914534E17 -4.9716667082076506E17 1.57778194160641254E18 -1.89473426335126502E18 -2.8919409768816928E17 8.9089478166758195E17 5.1197533137838528E17 -2.6188976792424888E18 1.93308443500862E16 6.9307233039277786E17 -1.90162098053996832E17 1.4122026642865992E17 -6.953366997232908E16 5.911923978421952E17 7.0016183715595469E17 1.18659438662056672E17 1.80285938999076736E17 4.56445100229412E16 
-1.8702930322392465E15 1.90517448347490976E17 -1.15977648959913626E18 -2.11122040900380224E17 4.9932889625571802E17 -8.24876402040879E15 -2.8072674232746322E18 -1.12785534488370317E18 8.3992640790991501E17 4.269780948960276E15 -5.5530342708948378E17 -2.8589015406759987E18 -8.0008407112405722E17 6.4116218646306253E17 1.4047278844998744E16 -3.4846048771551283E18 1.30144510686502118E18 -3.4958679307611738E17 8.6875677321540198E17 -4.941098047766112E16 
-1.27032604246047411E18 1.4557452060981737E18 -2.23412936404943712E17 -2.31818980117511456E17 6.3273858019498726E17 6.016974344879712E17 2.4850573672624594E18 1.61339843772087885E18 2.34584287634616992E17 4.0215217761306182E17 -3.7169513534386776E16 -2.1608959533549712E17 -4.3731388419702752E17 -1.5163987522506454E16 -6.8436603260208864E16 1.9082645311856812E16 -1.12982886934545712E17 -8.9499038429292784E16 1.1992626122041584E17 1.24380749026099952E17 
-1.49956409830245632E18 2.43948822012678016E17 1.20284904085924032E17 -3.3190405395025587E17 2.27205063783883936E17 -4.432025613311287E17 -5.802656430488963E15 1.11658241014598042E18 2.14125086502929568E17 -4.8228038056724576E16 -2.6987195641701264E17 6.7319089144956109E17 3.0637236649189261E17 1.27632476629982288E17 -1.71128022240904781E18 7.4697878184354048E17 -4.6463400084073005E17 -5.9987370830535322E17 -3.4203148012589144E16 2.9942588283020429E17 
1.23776993326247536E17 7.4807732445928256E17 6.6037381155077222E17 2.5013651703530776E16 2.7681472448032276E18 7.1608419160696064E17 2.07870493803421466E18 5.4991651923088531E17 -1.58088182812333286E18 6.867567598252704E17 -2.48315874688030048E17 3.1458892113400947E17 -4.5846929934849088E16 -2.05656266236365568E17 -1.97185021308502016E18 -8.0079870623795546E17 -5.714595080718512E17 -1.32068948053471334E18 6.7236429658158694E17 4.828059253989745E15 
2.9236259505404781E17 8.235666773431016E16 -8.5602278326839142E17 1.2801855614693288E17 2.64991692226240128E17 7.2065901665792294E17 4.2403401402357114E17 -3.4137160278276211E17 -1.55264642251059808E17 1.04734190459202416E17 -4.566748793967273E14 -5.0137240824989261E17 -3.0885384721528712E16 4.5590466150381672E16 -7.9505897697646886E17 2.12455341811876352E17 6.0346652643984781E17 -1.42819599693915264E18 -5.3384613113472634E17 5.5484134997817242E17 
1.19991252390960144E17 -5.3507996454171379E17 4.3003794713376179E17 -4.9640002217109562E17 -4.211194987670446E15 -2.5085930617893952E17 -6.9823802599885043E17 -2.668521913053922E16 -7.2737703297708877E17 -2.24444412302935712E17 1.33924937351798672E17 -4.3319625676487501E17 1.4365998586401336E17 3.3953020133185024E17 1.26583297391069104E17 -1.9737773937447832E16 1.88368757650769152E17 1.66466722865565466E18 -1.51573464485252608E18 2.9561046363624269E17 
-1.27685147033238886E18 -2.8854657038694516E16 -9.6874529717090832E16 5.896664551188224E17 7.3336179973459802E17 -1.5607358530585175E18 -1.42833574317303322E18 -2.5571571606251952E17 -2.42968559476440864E17 1.98645006077494784E18 1.8755891144341592E16 -6.5717216559283942E17 -6.2400283442657216E16 -8.831198492565504E15 1.50433947402709965E18 -3.0517083475420262E17 7.039742645548609E15 1.97994621958265696E17 1.92290550385274906E18 8.594357428317995E15 
1.43259212071834394E18 -1.28222971410601139E18 5.0883922263187546E17 -1.27449916496307776E17 -4.9395486698619336E16 -1.2721200960159063E18 6.714790136994432E17 -1.16405689468174256E17 2.5425875659678106E18 1.66502457212852045E18 7.9309491569734096E16 1.35578845752858848E17 8.5822453321573773E17 -4.5004052393174758E17 1.0257161955863593E18 1.13786034921910112E17 -1.61736464080457574E18 7.2073704673781952E17 -3.953038021844764E16 5.5444547158767635E17 
-4.660580294779824E17 -3.9263419965864461E17 -1.72231974537175456E17 2.4381918180743296E16 4.4544684741349734E17 1.27281706263847728E17 -2.73382739884324832E17 2.03412644108934093E18 -4.0639735589251706E17 3.8448033993596333E17 4.6336902644454824E16 1.3026026506374202E15 1.08812854904110208E18 -7.7723784248296666E17 -1.0238102235550078E16 1.81459930057450272E17 -6.7245359831210616E16 1.339752703077604E17 -3.0019370134613818E17 -1.7190748319353728E18 
4.8606551832696685E17 1.2807303658451049E18 7.4181964539716186E17 5.6154340492899334E17 -3.2014032886997133E17 3.0436663314040269E17 4.0291272792582349E17 -5.446858424721104E17 1.63006459213507328E18 -1.17744194225226957E18 9.2941338105702912E17 -1.38422922864011904E17 1.49409280040097472E17 -9.6226471066560179E17 1.57211765916231194E18 -1.69577825935381043E18 1.33051361167636256E17 -9.312365615833472E17 1.44632673848995174E18 4.0217190590016112E16 
-7.2911664770745574E17 3.8811860716325224E16 2.4322137908339E18 -9.3295304360506458E17 8.6467246121166733E17 1.83806261090992064E17 9.865174740837225E17 1.4044989655707712E18 -4.4744040845909728E17 2.14644225313366912E18 -2.0827102093410264E16 2.2063704623414052E15 -1.52719123153849498E18 -3.5032666211924781E17 1.18745163270233446E18 -2.66195774732417568E17 2.14640219538657E16 2.22975847077417574E18 -1.39378866896222224E17 7.1464343110447304E16 
2.9684644015239936E16 3.0907021040879475E17 1.75056425847553485E18 -9.4242081143851098E17 7.0598970839136845E17 2.8572344466177792E17 3.1759616735885837E17 1.11360815760391936E18 -4.9727661784069651E17 -2.5396270793488384E18 -6.2143621417486694E17 -7.9771173074358413E17 -4.4875698208040776E16 1.59196444534238618E18 -8.0337342215686528E17 -7.9747195364067104E16 1.71853654694292576E17 -4.860707864227763E15 1.6026481195906954E16 7.7155746362630003E17 
4.6663998496144902E17 1.4898046229047104E17 -3.144957827706146E15 1.88957146617854182E18 -4.8152253868923814E17 8.5490802889967053E17 3.0588372340630675E17 3.8165350936737709E17 1.56534179260336096E17 2.22404061035391411E18 -3.5865537072387834E17 6.0027113649646216E16 1.4121634213364096E18 -7.9334125620971533E17 -1.47597935316201574E18 -1.21209296309663667E18 3.130168231539808E17 -5.2977202710207496E16 9.8013607658201456E16 -1.07590838033442483E18 
2.78615569222937216E17 6.8601202203203622E17 -1.566845349927572E16 -6.903249889033527E17 -2.0105416170791676E16 1.99066128485730688E17 4.5232722626822925E17 -8.2560673645260672E17 -4.3412058239782744E16 -1.25131199125473843E18 -2.00623581675452749E18 -1.36010616151722803E18 1.20054156965597072E17 -6.2352155209698688E16 4.8893401692180058E17 4.8359278901389528E16 -3.1030551073697875E15 -2.1775187763650384E17 -7.0824696753236659E17 -1.14434920299395149E18 
9.4653709872258355E17 9.0350691115244838E17 1.2090352669059568E17 -4.6957043974518528E17 4.1892816479292544E16 -3.343969109288281E17 -5.7062269455362899E17 6.0939421968662285E17 1.90285725172783744E17 -6.3367290873075224E16 1.18294708742632848E17 -8.427210557764376E16 1.42859685770884368E17 -5.8512140754929293E17 1.27455136016079216E17 2.26809042904193568E17 -2.22939710219572992E18 1.43369014010502368E17 2.8946219256851782E17 3.2801069005288582E17 
4.0921246706130592E17 7.1562285130457744E16 -1.2070655528242976E16 -2.529783111969976E15 4.5594418750493357E17 -6.9846082690163034E17 4.8429350455309043E17 9.088476517120166E15 7.151968671307838E15 -4.8166079239572122E17 1.63389312496772736E17 7.3896207290845978E17 1.82697428985133632E17 2.46509350402533472E17 -3.9115175295818848E17 -4.3966600332492518E17 2.15451199825547072E17 7.2564844887278861E17 8.5727214914928384E17 -1.61648311279242304E17 
-3.528999718579594E16 1.90411973016358067E18 -6.9811293105406682E17 3.045839278722764E15 2.7019959181132288E17 -7.973589497147427E15 9.3228535843466586E17 4.608615220809344E16 2.8520083773264246E18 -4.2477133026344128E16 5.1316957250991501E17 -5.8028906822485432E16 -5.9185165050051635E17 4.0670808905907238E17 -1.1274132232945911E18 -1.72462500754547942E18 1.01321754061346496E17 1.2456806278575191E18 7.7851871512117414E17 -6.0367844799686736E16 
2.16961952881107104E17 -3.2073761581917835E15 -2.00183397719385952E17 8.1842399998055296E17 4.8409714469746157E17 8.0527268030789414E17 1.02407595076206362E18 9.5097906473086822E17 -4.9925048550001472E16 -2.4790156628806592E16 -1.966143519882486E16 -2.7862663561155572E16 1.2086295170315952E17 1.99142301265144352E17 1.9289748178098524E16 6.9617963840308792E16 1.02659950432307648E18 -1.11758488378296192E17 -5.5020675733423494E17 -6.0356739612305178E17 
-7.687923253427208E16 -1.06587351058058419E18 1.149207747631456E18 -2.80234933532000832E17 -2.7869148559504656E17 2.81940919113800736E17 1.63597595080795104E17 -2.7040936802604616E18 -4.9859620532496083E17 -2.2083710343544144E17 3.5343689428893254E17 -6.0252972501543112E16 5.0177537469861786E17 6.231147009445271E15 1.21906810469416858E18 -2.70284773826118688E17 3.5534457129420442E17 1.3829540540165655E18 -2.09291096896962458E18 -1.33830676532614416E17 
-4.4105887477701344E17 1.055166874389734E16 -7.9394168440576384E16 -2.14850253260860314E18 1.75970715522554528E17 -3.95768400830722E16 1.06594622693798272E18 1.73821655778263706E18 -1.50794286865591104E17 4.8706325180777222E17 -8.7954160426816768E16 -4.2479453372024058E17 4.4214912044362246E17 6.758271147565895E15 -2.25778507151982874E18 1.263393702878755E16 -1.29308078324702336E18 2.083312034464722E14 -7.8489223491087283E17 -5.9528147603646696E16 
4.3064169822102328E16 -4.653054953240409E17 -2.9944136427788704E17 -6.7336984067670605E17 2.25924736651147648E18 3.3530310345754784E17 -1.0387405538526104E17 -1.75220958659906592E17 -7.347439847337705E15 7.8810546366935936E16 1.45059823356369843E18 3.1489163689827164E16 -7.8355947629073792E16 3.8235404816010088E16 1.80244293108881971E18 -2.47297905159844096E17 3.1297662363660531E17 3.20764605609493E15 -5.5982201591447066E17 6.0571402084090808E16 
1.1054456470293239E18 -2.17528978741049344E17 1.56918803104232832E17 1.33412504652943053E18 8.9700940171226128E16 1.58709873504603827E18 4.750520941286189E15 1.83594478186034534E18 -4.2857512286331603E17 -1.75761220124785306E18 -2.7896793964439512E16 -3.7558419758060454E17 -4.2052472355887066E17 -9.489333831188588E15 -1.39060110094468838E18 9.6616894107015603E17 9.5664363274877056E16 -2.43376137311324768E17 -1.554546032290125E15 -1.38974690599381965E18 
-2.441207324337335E14 2.6980662435079332E16 3.0323876994156968E16 6.3561385854475226E17 -1.04407788507959373E18 -6.590030606958668E16 2.7821370804471952E16 7.5913139073602496E17 1.63655023728322176E17 6.1315112411896576E17 6.149947828162125E15 -3.0697289189696218E17 -7.4564279275840346E17 5.9494085746405146E17 -5.9527112908733811E17 1.86718467557066726E18 6.828246668749008E15 -1.5986602431027984E16 -1.53825761569474496E17 -1.26369529156223104E18 
4.1507374063932794E17 -5.5970555075975546E17 6.6240401846206528E17 -6.0502540553215322E17 4.6607182747165096E16 -8.9770968772182029E17 -2.2670556482875368E16 1.96641639739422106E18 -5.0246022879145008E16 5.3311970808671968E16 -4.8713081495325075E17 -1.79548856808978432E17 -1.62863427634967328E17 2.5480744061790265E15 -6.5978614404519667E17 -1.78812411712404301E18 -3.983435161725769E17 -3.8577585745263462E17 7.6421525908895066E17 -7.3568221127804966E17 
9.1603651464842266E17 -1.56947539479754048E17 -1.29738976109075888E17 -2.41570734242257344E17 -3.535086184180055E18 -2.4335488791447964E16 1.4141538827193296E16 2.52458592259733184E17 5.6282584451203974E17 -8.090232809529728E16 3.1883089503232891E18 -3.8852356411521126E17 -2.860246750488886E15 1.19008184780929968E17 1.3068719312939526E16 1.72218279055282016E17 5.5385167133140947E17 6.6774525540202854E17 3.6439288805911386E17 -3.3675398808504486E17 
1.4340762917570903E18 5.772563400925983E15 -6.2675145319116275E17 -6.531892364885434E15 -1.66881678138943264E17 4.1683398317261024E17 1.25299895847654784E17 -1.1729566330707689E18 7.1065422566429752E16 1.2524506698972542E16 -1.6171262716739536E17 -1.1365963126418362E15 9.771793019282722E15 1.36025898372581168E17 -5.2126580812499661E17 6.5645172362997848E16 3.3735672821064998E17 5.1413247075798304E17 2.49672614579534656E17 -2.4389673194169748E18 
9.7776927062318672E16 4.7111136562336998E17 1.7838643600198946E16 3.0307768744206111E18 -3.096473998113417E17 -2.9385420534945764E16 -2.01582337510701466E18 -1.72577778156429504E17 1.9691772076037852E16 -5.3880362657632224E16 -1.89243148535951072E17 1.54673901490053792E17 -1.05955779998246864E17 -3.72988640803064E17 1.03870133572851251E18 -1.29714960336480614E18 1.65571267734692198E18 -5.6923768016900454E17 1.62191468116659808E17 -7.192995139385221E15 
-4.6588429207941338E17 1.5030904469080848E17 6.293589416814362E15 2.3262874890322417E18 -1.26890933503212096E17 -1.52230017273041024E18 -2.3889048013204048E16 -1.715367986311882E16 -1.09125956983267853E18 -2.41208203825197152E17 -1.34225924702744144E17 -4.2980271824180934E17 9.3926170779155728E16 -9.574122683910153E17 4.1711826500915302E17 5.1141722573070534E17 -2.25858571919596672E17 9.0667172193746528E16 -2.5435643065337805E18 -6.4827305751407296E17 
1.05113402259615334E18 2.02373392855462208E17 1.16969020326555085E18 3.4863386865704275E17 2.9974990195215667E17 1.03423033425497264E17 1.2029097259091368E17 -2.16442907524693888E18 1.8005157565004928E16 1.6647806895510118E16 -1.7343502823178857E18 -1.97719822437230688E17 1.47203416354134528E17 2.42956486467297824E17 2.448437536006824E17 -1.4783882834077612E15 1.52673571573835597E18 -5.1600901844516136E16 4.1161430780211744E16 7.7339682971347488E16 
-2.737408377033986E15 1.18609653019151155E18 1.34445636678029773E18 -1.66288911260439776E17 2.83845281294050944E17 -1.80019390596593152E17 1.68375428736491315E18 -1.22171466406659046E18 -3.1836983043860122E17 -1.0407590143821504E18 -1.7064945956669556E16 4.4676196597069192E16 -5.6498268996916102E17 -7.6906294500084211E17 3.4376279508284755E17 1.06109979499616784E17 -1.83110584093864896E17 -5.327495733797367E17 -3.1206037447501752E16 -2.76186606504496544E17 
5.9587591761738112E17 -1.7506489410701984E17 4.2441823752474976E16 -1.0008580407811442E16 -7.3704849499959888E16 3.7602529230273939E17 3.5645497772566835E17 -2.243882411627378E15 2.8126902312887731E18 -1.09323141995202368E18 -1.0981551081479366E16 6.2097946217782592E17 -1.6796971919060176E17 1.63759832862262592E17 -4.9584032934094584E16 -3.0647758328318227E17 1.75080205799802144E17 7.5740302836614554E17 -7.210144369002551E17 4.9065096207716762E17 
7.4088110614132646E17 2.7255398576068048E17 -1.2002228928367936E18 -5.9507973604861056E17 -1.91859774650390464E17 -1.05205314260187504E17 -1.91542740611163872E17 -2.9201912598578675E17 5.8072060929018317E17 1.75722860428836512E17 2.30541069265203552E17 3.0264759765089094E17 2.9429845436695558E17 -9.232866808058921E17 8.4437346149415808E17 -2.46793075788477408E17 -6.4464528337566566E17 1.10500391443258624E18 1.79370170523887718E18 -2.61537295091123648E17 
-5.4307085208328205E17 -7.7482568312392294E17 -1.6881491589260388E16 -1.81231030325300915E18 -6.768165709841336E16 -3.8958772584312838E17 -2.2181619440036396E16 1.9872856057835616E16 -2.73682617951730208E17 7.0020159677534032E16 4.2571101924984787E17 1.7764283045477195E15 1.30303956004112272E17 -1.74462493818001088E17 2.6745546129370788E18 8.9911111924114144E16 -4.5597210800280856E16 8.4744255002457318E17 -5.82555255292784E17 -9.6987857304036688E16 
8.6926515132529178E17 2.0306128153205079E18 1.05936034495538176E18 -2.1707738202160992E17 5.9838484553634016E16 -4.232920801650642E15 2.080690883594284E16 -1.02248074848350515E18 2.53502072162338656E17 3.7260510088365904E16 -7.0508598399630835E17 2.19960560483591475E18 4.550902702204969E17 -2.5740914841038316E18 5.7376517230814592E17 -2.34846315388481568E17 1.29198140218711859E18 -2.8162988606389888E17 1.611640690432185E16 3.6905439742849779E17 
1.20590409094016464E17 -2.0908329125183728E16 -2.9166582697233244E16 -6.0230368347020774E17 -1.56789935271837056E17 -8.3410433181547187E17 1.2173539724681632E17 -6.6739491810379251E17 -3.5791355352578548E16 -4.3901318159319488E16 3.160023509849319E17 7.3206445852331827E17 -2.63285621380147648E17 9.4772535646868736E16 -2.03656019113099872E17 -2.2017208026700576E17 -1.663826495060608E17 1.02345290391934976E18 -5.933884262163808E17 1.07861792003875008E18 
-1.17339089315108496E17 3.70550305010736E17 1.1262566564727031E18 -1.6482926780024156E16 7.1677529150368422E17 -1.01799726961988915E18 1.26923221213366544E17 -1.14697327260469158E18 -1.20101420563412352E18 6.9025335188890824E16 -2.30517211755462528E17 -1.20875986539297562E18 -1.02951477778776576E17 1.0772386197937448E17 2.858945358307927E15 -1.51030271702266522E18 3.6113818612620474E17 7.6376488223712896E17 -4.0627991228352184E16 -2.9135365056521811E17 
1.72797718537065792E17 1.00087973934896013E18 -1.28268840135149648E17 -4.1701505680967616E16 -1.0175033992918708E16 7.7860137316793344E17 3.213344740258046E18 1.469327514174564E16 -3.7738673168129744E16 -6.8747713864010074E17 1.7414540166409232E17 5.7824464471908467E17 2.9302219816038204E16 7.9043276247295731E17 8.7839909515827648E16 -6.50919811973051E15 -7.2409479053268454E17 2.5293589428404576E16 2.2063999979910716E16 1.85443340131999136E17 
-3.9521255683336944E16 7.5511543811130931E17 -2.03805647087667123E18 -1.12306474042054272E17 -4.6520206747065178E17 -2.7246347462917857E18 -5.9377254322580328E16 -6.5925778828965274E17 2.30008093066055757E18 -9.2526660092819168E16 7.3139797531713984E16 3.2451121458864269E17 -7.4340247895428429E17 -5.2801117549025616E16 9.9449936435357968E16 -1.18726754070263245E18 -3.826663229545868E16 -3.9169130633945754E17 -3.8156664143406464E17 3.5392533822276328E16 
1.71311023058998272E18 -8.757841456823104E17 8.5248799184345184E16 -2.25597499993282765E18 1.59616175546882112E17 1.4876531782937456E17 -2.74904089439376704E17 -2.4473569949880256E17 2.6672464783120336E17 -4.6805694085457456E16 -3.1979459898533811E17 2.84160736946405952E17 4.78913063585623E15 1.65350180884774848E17 -1.56490323458619744E17 -1.04531221888751757E18 -4.0058504962413548E18 5.037559173894124E16 7.81240706820204E15 -2.3551623119268548E16 
-6.4182919308264192E17 -3.61573620657326E16 2.8424604785534584E16 8.5830330178664819E17 -1.13403565890347354E18 1.5666012580095212E16 -1.97300249284438368E17 -2.05469421980454682E18 1.0079323732852966E16 -1.32504963561402416E17 5.6610473782679696E16 -1.0903129178436176E17 -1.28375853020637798E18 -3.9294794289574184E16 1.7446409973243094E16 -3.1516777464700006E17 7.9221262643305728E17 -5.1212461576021376E17 -3.746488304437081E17 -1.72339474740630118E18 
2.5539879692788398E18 1.9535724100296176E16 -7.7361033628497232E16 -1.45751965205380224E17 1.389316991475772E17 3.691624778138361E17 5.079847378511568E15 -1.25234854391654944E17 -2.9309003768626138E17 -1.42777192729653888E17 1.31035884345459994E18 -2.6903004970071122E18 1.10220600771293936E17 -2.5322301229022144E17 6.6975824309475712E17 3.988095831028119E17 -1.60295566073652659E18 1.28711856396549222E18 1.1706126055345468E16 -7.3791001142935728E16 
5.0203802230576048E16 1.08666591165522765E18 3.7438571004564922E17 8.8393283381647283E17 -1.25698874088066688E18 1.05956319632564723E18 -4.2728222471785115E15 7.915274240828791E17 -2.8025504849860976E17 -3.4259413974514893E17 9.1770924601735629E17 6.802144240071401E17 3.8171345654044614E17 -4.7650984532090298E17 -1.83822605317954022E18 4.4167252838624848E16 1.5484358241036247E18 -1.84642636946989696E17 2.29299487735667168E17 -8.2633993505639968E16 
2.02239879421585472E17 4.6301837834977869E17 2.47896734393494848E17 1.01914788843415664E17 3.6702817394534758E18 1.7495718125635863E18 -1.00197969352693901E18 -2.026666451172192E18 8.532750393670181E15 -6.2154268212582298E17 9.738846699626128E15 4.460027857352112E16 1.19185080409376608E17 -2.2731729993318352E16 2.12704088052253504E17 6.287150500311436E16 -5.4978477821011696E16 4.1774017075223635E17 -9.0213071766503245E17 1.99335627830577843E18 
2.78228379220660128E17 -1.603001731029936E17 -5.246619510355552E16 -3.9160396630154144E17 7.1982444340953562E17 3.3186971486341568E16 1.74352515458138419E18 2.74918061075709248E17 7.5097441909958688E16 1.1244140769881638E14 -2.34584230258746E15 -6.8193930135878256E16 -1.6853922841541632E18 9.0468074436530061E17 -2.7152706791542574E18 1.28247525404681677E18 2.08651498648339904E17 8.622277450297456E16 1.06093248837172496E17 1.56040441721026662E18 
7.0830384452231718E17 3.2592805990483642E17 -2.0534601289580656E17 -1.15104144828960704E17 7.4292260121821504E17 -2.583244641388566E18 -8.3698356510198259E17 -3.1978981499965248E17 8.0990892605484096E16 -8.3257047561773734E17 -3.1243014291680794E17 -1.39293719875762278E18 2.24279405471773056E17 1.46865643286087296E17 3.7595365875572339E17 1.19700757640534579E18 6.4059892517453072E16 5.9727703902888051E17 3.5973671097990259E17 -1.44247290531832E17 
1.77223830149102387E18 -2.82205131428132096E17 3.7806715684725656E16 1.1975463514932238E16 -1.6239086292382608E17 1.2834541608411208E16 -8.916874396279763E15 2.09959437259925965E18 1.0015545956453904E17 -1.4268580896896448E17 -1.48100469778712269E18 2.12850069644974131E18 1.11320241323176013E18 5.729521360598485E15 1.02907513513035552E17 1.4374487460490071E18 -3.8027507402615178E18 -1.70730589087895066E18 4.6576948704964032E16 -6.3159250832809562E17 
3.6388411121937368E16 -2.48933543018058784E17 -6.3787689240781312E17 2.995575121709693E15 2.84271200303338304E17 -1.22653907758131302E18 1.3851889471553686E16 4.1030099647696774E17 2.25387362660469568E17 -2.797092056117675E18 5.6775252819982304E17 -5.2220230185047104E17 5.7034218813819629E17 -7.820085512730085E15 2.50956196078148224E17 6.1422097677930445E17 -3.6511718177467034E17 -1.02976343048358362E18 -5.8257865668520307E17 -6.8880305050821216E16 
1.34335555651066394E18 -2.0531732960280228E16 -8.205420101618232E16 2.7409203683151536E17 -5.9462382444048928E16 4.5873027748023706E14 -4.4881775788749952E17 -4.3869315443683405E17 5.214094591015763E15 -3.7333407200782112E17 -4.4575340724412128E16 3.5602602589380851E17 4.4561355771549235E17 -2.9877679094983644E16 -3.5743670966287836E16 -2.3092244127738588E16 -5.6817147860112736E17 -8.3922595200649139E17 3.389337222906064E17 -1.72610533811265894E18 
-3.9085860607613786E17 8.0279916885377984E17 -3.0699139333997574E17 1.96690279837298176E17 -1.91439122223934669E18 -1.30074411527375258E18 -1.34766621999695184E17 -1.45494904772418432E18 1.09808387515226304E18 3.8131868963300384E17 -1.26090945894210406E18 4.4225802057663622E17 -7.7014437012915952E16 1.14098602119178701E18 -1.24925647836379408E17 1.1807730453976744E16 1.09332440932993808E17 -6.1034996582586648E16 2.02812183714527027E18 -1.0957657504441641E18 
-1.82947468786141056E17 -1.63454302015830042E18 -6.3838655848430899E17 4.802651546925424E17 -1.91476752184646016E17 -1.47390329846917478E18 -5.0825339513795632E16 -2.17448126911833824E17 -1.08717669968431373E18 -5.0229416218840845E17 1.379880453932448E18 1.7893720956726776E16 3.9439030275080243E17 -4.0356646277496205E17 8.0384323548075616E16 -6.9787934510699098E17 -8.0774646972500083E17 -3.287173455922025E17 7.8981677436672333E17 2.01160554842582272E17 
-4.9931110433919181E17 1.21393188550900454E18 3.8605778153457414E17 -2.21755031232026944E17 -6.3378203739922483E17 3.1147892011227312E16 -1.2920533752377344E17 7.5386011946611354E17 1.07935584536552243E18 -1.02800204429502566E18 1.36523003530561203E18 -8.4375378532020672E16 1.08401239134303168E18 4.9622892371956544E17 5.1921732519222349E17 6.0880773179165261E17 3.9157165855771296E17 -5.7899088684045088E16 5.8160331444876688E16 -7.020779591302473E17 
-1.51655498363610086E18 -6.5924131325725952E17 7.6619638846770544E16 2.52022357715776E16 1.00261632301301043E18 5.5894200404459904E16 -5.1549016822542419E17 -8.5896074479903859E17 3.1419708678744314E17 -2.1443694886802364E16 -4.909638442944089E17 2.02871127804611251E18 2.51500143364999424E17 7.608276379370752E17 3.2453012431909254E17 3.465079942585431E17 -3.1939126229593752E16 1.90241825757409382E18 -1.75275271238055654E18 8.2778312515236621E17 
3.085635587254649E17 -1.16203473911360256E18 1.74685823062365952E18 6.8715320541397709E17 4.1645671624028282E17 1.61056250570367392E17 3.4447689454211446E18 -1.8615586031034336E17 1.72582428366310144E17 -7.5131522604847974E17 1.55784320062018662E18 1.67994159773665472E17 3.5552021892258534E17 -1.64632077935759693E18 -3.7784704411797549E17 1.4151665863996584E17 -1.10703410554393011E18 -9.558135213880457E17 -6.1113750494269376E17 5.7674567849737816E16 
7.7907606958776934E17 -3.8704721545143469E17 -5.9602112785365798E17 2.6238028027683756E16 -2.096911790304816E17 -4.568169084762288E17 -5.4977716818493792E16 1.07835100333926E17 -1.37076063416463296E17 -2.26474640333475456E17 -2.9042921566775213E17 -1.7173340532703914E16 4.6917999186562861E17 -3.4197540639045146E17 8.1450335538273498E17 1.05779688871491392E17 -5.4575097534343923E17 -1.78737617247585971E18 -2.78114706014808032E17 1.23019312481747232E17 
5.6220933102235942E17 1.27006819232690842E18 -3.2207026951644134E17 -5.6530371222737048E16 -9.3205667348592166E17 3.9647834049361952E17 2.20025461827092915E18 4.173220691694448E16 5.8787539320766131E17 2.49266627138247968E17 -1.00919292837350426E18 2.84245263442642176E17 -8.0108317112235952E16 8.6496230207944848E16 1.07746763317698032E17 -1.20151171715196176E17 2.9050309843128524E16 -5.0445875247891949E17 2.5317973377186391E18 -2.31505357943973408E17 
-1.29998327908431104E18 -4.8818497198093456E16 5.3521844743904096E17 -1.75074320319822848E18 -7.0162828655694938E17 -1.97650127151708416E17 1.91676366659392614E18 8.3469967955648512E16 1.39564793465527584E17 -1.29995182905375053E18 -1.8246815816072336E17 1.45901771274435328E18 -2.02033081004154189E18 1.53285383540239437E18 2.73516430224922016E17 1.657126395248015E16 2.6905661458785075E18 4.1095180756047264E16 5.6560350024952232E16 -5.5977233427857638E17 