-3.9915318733699725E17 8.9837580771745139E17 -1.186640240820668E15 
6.5914114640162522E17 1.1136564758930839E18 1.05635823976171469E18 
3.9350488694947949E17 4.6264150815331795E17 -3.124256114180296E16 
-5.4239522909562216E16 -8.954568829934921E17 -5.3720129785812584E16 
1.4643759713330124E16 -7.7094212332767898E17 5.5266853626144992E16 
1.63572088940240928E17 -1.81192158772047008E17 -8.6115585298703206E17 
-2.5122989364026317E18 -1.12618962648827136E17 7.1790293989974042E17 
-4.8715218423723078E17 4.1254895164001325E17 1.327724390784625E16 
-1.082776311636054E16 7.967333379622848E17 4.74509336103979E15 
1.30858364933439328E17 -3.3585053348302364E16 2.8371472629217736E16 
-7.1578606000675379E17 -1.24284583919065424E17 -5.1742140173502458E17 
4.5696471400048589E17 -8.7362165313921216E17 9.4672384036219952E16 
-4.8246789048756736E16 -9.1431705817945792E17 -4.3252293113873107E17 
1.97192021742610944E17 4.856212180896647E17 -1.20332427994179568E17 
-4.075193389358272E16 -1.00814369252933082E18 7.317943759957371E15 
1.58517907122217446E18 -1.16176531565536192E17 -1.55682811879490432E18 
1.84146669025939763E18 1.1072854462615408E16 2.80209509092696544E17 
1.54252176828637594E18 2.58297946004268672E17 -6.8809700859934477E17 
