4154.0 2016.0 98.0 2294.0 2112.0 4402.0 196.0 1845.0 1800.0 0.0 
0.0 4320.0 720.0 2112.0 798.0 8134.0 493.0 6225.0 4830.0 5609.0 
492.0 1680.0 3192.0 144.0 6790.0 3220.0 5808.0 8712.0 5782.0 2697.0 
1200.0 910.0 6177.0 1548.0 7308.0 986.0 840.0 1344.0 1200.0 936.0 
342.0 4559.0 3071.0 3696.0 715.0 1722.0 429.0 384.0 2496.0 1702.0 
5865.0 1110.0 4512.0 5060.0 88.0 3162.0 2160.0 610.0 1050.0 1856.0 
8352.0 119.0 0.0 2706.0 3204.0 1950.0 3300.0 1035.0 297.0 765.0 
4256.0 1760.0 0.0 975.0 3710.0 897.0 416.0 96.0 434.0 1482.0 
696.0 8280.0 7533.0 244.0 6745.0 4235.0 1764.0 9603.0 672.0 1650.0 
2100.0 3599.0 3397.0 4176.0 984.0 1960.0 3038.0 8415.0 1222.0 320.0 
416.0 3485.0 71.0 84.0 225.0 3198.0 3234.0 296.0 2664.0 100.0 
279.0 7020.0 1900.0 1958.0 154.0 5280.0 2660.0 5925.0 0.0 7128.0 
5530.0 5400.0 1940.0 4345.0 2698.0 5238.0 1287.0 1679.0 140.0 2310.0 
2190.0 294.0 1242.0 912.0 1003.0 5056.0 1920.0 7644.0 450.0 6120.0 
19.0 6720.0 1152.0 4891.0 351.0 1170.0 6699.0 330.0 5684.0 830.0 
4368.0 4.0 288.0 3172.0 5742.0 159.0 1001.0 1440.0 222.0 1862.0 
3404.0 5254.0 4950.0 781.0 385.0 4410.0 2730.0 940.0 3094.0 9.0 
6480.0 792.0 1520.0 3264.0 1264.0 384.0 6970.0 1022.0 2958.0 264.0 
8722.0 1763.0 1596.0 814.0 245.0 3198.0 46.0 288.0 74.0 210.0 
1980.0 1072.0 864.0 2668.0 5146.0 3510.0 342.0 3984.0 292.0 3402.0 
747.0 15.0 728.0 1591.0 1239.0 76.0 5148.0 376.0 4284.0 5372.0 
1254.0 160.0 1280.0 3944.0 1650.0 1419.0 3404.0 1378.0 3.0 1104.0 
7068.0 3496.0 2622.0 2250.0 1980.0 208.0 1794.0 78.0 1139.0 308.0 
396.0 2684.0 3720.0 2050.0 7371.0 1460.0 3570.0 663.0 3690.0 1353.0 
885.0 36.0 272.0 1444.0 48.0 754.0 8740.0 720.0 2745.0 3.0 
494.0 0.0 850.0 427.0 3570.0 3219.0 6298.0 2850.0 12.0 4757.0 
171.0 120.0 0.0 2940.0 252.0 825.0 230.0 1952.0 943.0 5712.0 
2300.0 5610.0 3900.0 430.0 612.0 444.0 760.0 2688.0 312.0 651.0 
1064.0 1666.0 2106.0 237.0 119.0 440.0 1156.0 1938.0 2040.0 3648.0 
315.0 5723.0 4320.0 8232.0 2376.0 3510.0 1140.0 35.0 5368.0 1260.0 
146.0 1292.0 4899.0 4029.0 4018.0 1927.0 600.0 4410.0 810.0 336.0 
45.0 1215.0 280.0 768.0 2160.0 1386.0 44.0 5106.0 3245.0 7225.0 
2380.0 320.0 1891.0 650.0 1771.0 6745.0 1980.0 30.0 160.0 1155.0 
4872.0 1870.0 8712.0 1725.0 6935.0 128.0 3630.0 2496.0 990.0 2430.0 
4140.0 1380.0 1890.0 280.0 2867.0 462.0 328.0 1909.0 1081.0 220.0 
988.0 828.0 5415.0 7425.0 472.0 1495.0 174.0 159.0 1235.0 1896.0 
71.0 1380.0 7056.0 406.0 8010.0 4312.0 5394.0 1088.0 936.0 120.0 
1314.0 1088.0 6006.0 4225.0 3240.0 560.0 2975.0 1150.0 4698.0 4565.0 
3.0 7533.0 885.0 196.0 1740.0 1083.0 1512.0 5372.0 1672.0 3772.0 
1800.0 3268.0 4345.0 903.0 760.0 2700.0 1599.0 4416.0 420.0 0.0 
364.0 1540.0 6400.0 308.0 3663.0 2337.0 3337.0 186.0 126.0 255.0 
2.0 462.0 897.0 1558.0 3040.0 4590.0 9207.0 3612.0 5400.0 5160.0 
72.0 5103.0 1092.0 1444.0 0.0 1840.0 153.0 608.0 3608.0 3363.0 
2170.0 2812.0 3696.0 2860.0 5330.0 4988.0 774.0 5589.0 2356.0 8232.0 
3780.0 2080.0 1938.0 1456.0 2116.0 620.0 6408.0 472.0 1368.0 120.0 
704.0 2400.0 18.0 570.0 0.0 3744.0 1650.0 1323.0 2052.0 376.0 
7176.0 2835.0 1643.0 504.0 4898.0 1922.0 6370.0 7296.0 3534.0 5088.0 
3649.0 1625.0 8554.0 2871.0 1936.0 338.0 0.0 2400.0 1508.0 38.0 
3190.0 2484.0 2697.0 3010.0 5829.0 1960.0 1974.0 5082.0 222.0 3120.0 
2576.0 737.0 1936.0 1920.0 1183.0 2604.0 2401.0 0.0 192.0 75.0 
776.0 5460.0 1029.0 330.0 1872.0 810.0 5984.0 286.0 3822.0 5244.0 
3465.0 234.0 0.0 6912.0 1596.0 5964.0 1581.0 0.0 1870.0 28.0 
2747.0 540.0 1139.0 1166.0 2106.0 645.0 3492.0 5088.0 1287.0 378.0 
3128.0 1080.0 9216.0 5376.0 3068.0 657.0 0.0 3248.0 790.0 3082.0 
1725.0 425.0 5440.0 960.0 48.0 8556.0 752.0 1829.0 2400.0 2320.0 
5044.0 492.0 77.0 2650.0 187.0 6035.0 138.0 6450.0 2688.0 5640.0 
0.0 1377.0 3045.0 0.0 180.0 1218.0 2700.0 888.0 330.0 6.0 
1152.0 385.0 4902.0 1073.0 294.0 1440.0 4725.0 4692.0 5394.0 608.0 
5247.0 460.0 3204.0 1596.0 297.0 5148.0 1938.0 3922.0 1008.0 1729.0 
9312.0 95.0 2500.0 592.0 1008.0 1248.0 2352.0 700.0 3367.0 4743.0 
558.0 330.0 1118.0 2254.0 949.0 1260.0 112.0 5073.0 5859.0 2730.0 
8820.0 4080.0 216.0 1400.0 1241.0 900.0 5046.0 649.0 3306.0 374.0 
5913.0 3060.0 228.0 648.0 7695.0 3115.0 4148.0 1320.0 465.0 3840.0 
3000.0 5159.0 5695.0 1634.0 7644.0 4752.0 585.0 1649.0 6660.0 2288.0 
118.0 352.0 1066.0 720.0 1218.0 4964.0 6723.0 3015.0 4641.0 7722.0 
3540.0 80.0 136.0 2166.0 180.0 6888.0 330.0 3078.0 550.0 5280.0 
4482.0 6438.0 5664.0 1411.0 3666.0 840.0 8924.0 480.0 1209.0 3960.0 
4320.0 1512.0 342.0 7695.0 4095.0 574.0 3657.0 1740.0 1548.0 2772.0 
2562.0 1680.0 2772.0 1054.0 2013.0 1278.0 1386.0 2052.0 1750.0 100.0 
720.0 294.0 2520.0 210.0 4559.0 805.0 544.0 1380.0 1748.0 408.0 
986.0 500.0 2070.0 2754.0 7128.0 4048.0 24.0 4347.0 6308.0 392.0 
2090.0 1512.0 2170.0 1683.0 754.0 4455.0 1050.0 1245.0 5525.0 3135.0 
5304.0 1312.0 874.0 396.0 1785.0 2697.0 3339.0 7830.0 7315.0 3569.0 
8918.0 1638.0 2419.0 1131.0 8722.0 525.0 4623.0 2385.0 2970.0 160.0 
1672.0 3640.0 960.0 264.0 1862.0 715.0 6384.0 1224.0 6612.0 48.0 
5487.0 2295.0 84.0 3570.0 4408.0 1188.0 3240.0 1485.0 2844.0 4400.0 
5280.0 5478.0 1596.0 555.0 4560.0 567.0 450.0 1988.0 660.0 504.0 
4292.0 4752.0 180.0 2548.0 5940.0 7104.0 2200.0 2200.0 873.0 847.0 
294.0 7280.0 1848.0 3010.0 2856.0 3720.0 6308.0 1775.0 259.0 792.0 
6016.0 2294.0 1978.0 616.0 6912.0 990.0 1794.0 144.0 4888.0 2772.0 
1344.0 801.0 3948.0 630.0 945.0 648.0 924.0 840.0 682.0 8736.0 
8928.0 4559.0 1536.0 2992.0 4559.0 553.0 4756.0 558.0 7031.0 224.0 
504.0 6174.0 6237.0 308.0 3264.0 3360.0 510.0 4089.0 792.0 3572.0 
729.0 198.0 1248.0 4680.0 630.0 224.0 1944.0 805.0 4085.0 0.0 
7396.0 2964.0 1924.0 1376.0 2550.0 3850.0 54.0 97.0 209.0 4554.0 
77.0 972.0 810.0 2225.0 246.0 470.0 3355.0 240.0 3827.0 3234.0 
7098.0 3813.0 3000.0 2376.0 4368.0 7326.0 8460.0 2146.0 740.0 4860.0 
104.0 1349.0 5852.0 1560.0 371.0 884.0 735.0 1320.0 3190.0 2755.0 
392.0 1288.0 1400.0 2409.0 225.0 4148.0 7565.0 2898.0 2314.0 432.0 
1464.0 768.0 660.0 4386.0 6723.0 7055.0 882.0 2639.0 4929.0 957.0 
6408.0 1640.0 2484.0 3569.0 704.0 3127.0 616.0 2816.0 7081.0 2848.0 
3850.0 6375.0 3520.0 5451.0 5312.0 6889.0 1152.0 2484.0 1782.0 962.0 
980.0 680.0 845.0 2800.0 150.0 2296.0 1715.0 468.0 5632.0 1980.0 
4420.0 405.0 3520.0 8827.0 2250.0 4074.0 65.0 825.0 5538.0 4095.0 
0.0 217.0 62.0 1764.0 237.0 8170.0 192.0 1110.0 8820.0 342.0 
936.0 2397.0 4081.0 364.0 4128.0 1079.0 2328.0 6120.0 1425.0 180.0 
2496.0 366.0 1840.0 7719.0 2204.0 3456.0 51.0 3630.0 5655.0 6790.0 
0.0 126.0 2496.0 3828.0 8004.0 1564.0 1728.0 252.0 1274.0 1364.0 
1376.0 7830.0 1575.0 2773.0 1430.0 6278.0 3538.0 4176.0 1470.0 324.0 
7743.0 2856.0 660.0 448.0 150.0 3015.0 2754.0 3960.0 969.0 6205.0 
