2240.0 1426.0 810.0 1976.0 1740.0 1032.0 504.0 8910.0 2320.0 
448.0 5874.0 714.0 697.0 2769.0 684.0 6873.0 4845.0 968.0 
5162.0 1035.0 1696.0 4641.0 336.0 546.0 7029.0 5452.0 736.0 
2838.0 8633.0 3306.0 105.0 511.0 4030.0 972.0 1517.0 2080.0 
97.0 1950.0 1400.0 4800.0 1372.0 6840.0 616.0 5330.0 2050.0 
465.0 890.0 6290.0 2850.0 3198.0 663.0 6970.0 6545.0 272.0 
4920.0 2904.0 2592.0 3822.0 2091.0 2240.0 1947.0 8645.0 8148.0 
7760.0 1183.0 1914.0 2233.0 7068.0 322.0 7144.0 4452.0 265.0 
1843.0 1027.0 4480.0 742.0 6440.0 238.0 400.0 5796.0 1344.0 
1408.0 128.0 5964.0 1424.0 89.0 1988.0 288.0 20.0 4628.0 
3150.0 1196.0 1530.0 690.0 450.0 572.0 1988.0 5476.0 704.0 
2952.0 168.0 252.0 5335.0 4000.0 138.0 188.0 7238.0 1628.0 
1326.0 1512.0 0.0 280.0 2156.0 462.0 0.0 4399.0 3190.0 
135.0 0.0 78.0 3685.0 1349.0 392.0 352.0 4900.0 90.0 
7735.0 1064.0 1470.0 925.0 1340.0 2035.0 2465.0 2014.0 696.0 
2091.0 7636.0 4500.0 8640.0 272.0 3268.0 1435.0 1058.0 4020.0 
3626.0 6045.0 4559.0 1533.0 2871.0 2640.0 1326.0 1600.0 711.0 
5612.0 4896.0 9312.0 7189.0 1071.0 4410.0 1984.0 6240.0 1050.0 
912.0 188.0 0.0 56.0 2214.0 413.0 4182.0 2496.0 3567.0 
67.0 816.0 2409.0 306.0 918.0 986.0 1125.0 1520.0 738.0 
5934.0 72.0 4420.0 1782.0 2808.0 2670.0 480.0 1805.0 3108.0 
2442.0 0.0 8624.0 4940.0 2720.0 2464.0 6889.0 2670.0 4464.0 
540.0 630.0 216.0 2106.0 640.0 612.0 5694.0 7568.0 1386.0 
6072.0 4640.0 4130.0 2552.0 2940.0 1320.0 2000.0 2964.0 198.0 
2880.0 3145.0 936.0 2303.0 900.0 616.0 1067.0 2739.0 1278.0 
4446.0 928.0 140.0 3933.0 1900.0 735.0 94.0 612.0 665.0 
930.0 609.0 132.0 6650.0 416.0 52.0 3645.0 8930.0 3160.0 
4788.0 188.0 1560.0 2124.0 1508.0 7740.0 3572.0 759.0 1615.0 
1566.0 63.0 5063.0 782.0 4539.0 2484.0 3024.0 1482.0 850.0 
869.0 1242.0 2940.0 3124.0 3154.0 3750.0 4872.0 0.0 1888.0 
1472.0 1131.0 896.0 145.0 819.0 550.0 3240.0 4455.0 3478.0 
3780.0 3233.0 1540.0 1056.0 3465.0 1222.0 2573.0 1260.0 2116.0 
1281.0 108.0 213.0 1302.0 300.0 2000.0 768.0 640.0 430.0 
730.0 3402.0 518.0 2574.0 4968.0 4095.0 4650.0 1053.0 6566.0 
4730.0 744.0 592.0 1430.0 1700.0 840.0 990.0 1564.0 2816.0 
3905.0 1440.0 260.0 2752.0 2664.0 8.0 4968.0 32.0 7068.0 
1530.0 637.0 3744.0 6059.0 7332.0 3895.0 6970.0 1376.0 3168.0 
1656.0 1824.0 6640.0 735.0 732.0 5865.0 1664.0 240.0 2160.0 
418.0 486.0 165.0 475.0 924.0 6776.0 7189.0 4508.0 2800.0 
6141.0 3969.0 270.0 1716.0 2769.0 304.0 234.0 5494.0 6534.0 
3245.0 2196.0 2960.0 2520.0 1536.0 1118.0 468.0 3417.0 1248.0 
525.0 1173.0 5984.0 4482.0 2898.0 2584.0 1862.0 782.0 1122.0 
26.0 5538.0 486.0 602.0 608.0 900.0 72.0 320.0 672.0 
3115.0 408.0 450.0 1922.0 1840.0 784.0 6324.0 416.0 1560.0 
7280.0 6952.0 870.0 90.0 783.0 826.0 1280.0 2135.0 1377.0 
47.0 1672.0 2124.0 1806.0 7128.0 112.0 5478.0 340.0 300.0 
1274.0 624.0 2556.0 3894.0 3600.0 480.0 1560.0 2040.0 1600.0 
3328.0 1189.0 8019.0 504.0 2475.0 0.0 532.0 102.0 2516.0 
340.0 2730.0 432.0 825.0 2646.0 1008.0 6732.0 2088.0 1062.0 
4029.0 3132.0 360.0 2108.0 2784.0 768.0 133.0 2688.0 552.0 
1008.0 17.0 960.0 69.0 7081.0 2886.0 456.0 2847.0 3906.0 
1530.0 16.0 1088.0 396.0 5880.0 5130.0 957.0 40.0 594.0 
180.0 799.0 992.0 5808.0 1672.0 720.0 8928.0 3960.0 414.0 
2982.0 473.0 67.0 5146.0 256.0 1260.0 1034.0 5415.0 8633.0 
384.0 0.0 2146.0 3220.0 4704.0 4824.0 1105.0 918.0 744.0 
0.0 396.0 272.0 6111.0 2328.0 4959.0 1160.0 1675.0 168.0 
572.0 1462.0 2256.0 729.0 2418.0 3969.0 5041.0 1455.0 357.0 
1440.0 854.0 1216.0 71.0 2660.0 2886.0 3362.0 2268.0 168.0 
3239.0 1666.0 3286.0 6305.0 7396.0 8910.0 649.0 531.0 0.0 
2442.0 1539.0 473.0 1120.0 1089.0 2560.0 2660.0 3577.0 352.0 
2077.0 3783.0 1736.0 558.0 120.0 798.0 3510.0 420.0 48.0 
6497.0 2907.0 294.0 1426.0 744.0 3154.0 5733.0 544.0 4508.0 
616.0 6992.0 6072.0 3354.0 5022.0 361.0 2494.0 77.0 1053.0 
696.0 1089.0 5829.0 9120.0 9504.0 0.0 29.0 138.0 4263.0 
1925.0 3300.0 69.0 7298.0 9216.0 1296.0 1659.0 3127.0 0.0 
432.0 377.0 6580.0 1116.0 357.0 322.0 5820.0 1975.0 0.0 
267.0 759.0 1914.0 1470.0 4544.0 646.0 1260.0 1700.0 4420.0 
150.0 0.0 4662.0 3240.0 5460.0 1287.0 3854.0 2254.0 470.0 
3360.0 1376.0 285.0 20.0 287.0 3906.0 1900.0 735.0 1365.0 
1716.0 660.0 0.0 1760.0 2926.0 270.0 420.0 1537.0 1836.0 
2407.0 2304.0 1720.0 360.0 4176.0 3690.0 6174.0 192.0 2622.0 
6320.0 637.0 216.0 2660.0 1066.0 6097.0 5146.0 2436.0 2336.0 
825.0 6138.0 6248.0 1690.0 1496.0 880.0 492.0 43.0 8649.0 
504.0 3807.0 7220.0 3780.0 6624.0 7832.0 180.0 125.0 4500.0 
2910.0 24.0 178.0 6640.0 690.0 224.0 670.0 2349.0 174.0 
688.0 5346.0 64.0 5840.0 132.0 1300.0 4968.0 780.0 4761.0 
44.0 1100.0 3920.0 1488.0 1680.0 210.0 3864.0 868.0 3240.0 
1512.0 2739.0 7735.0 1692.0 54.0 2345.0 7896.0 2494.0 4745.0 
5829.0 385.0 3996.0 3240.0 5655.0 84.0 7315.0 2808.0 5382.0 
2652.0 540.0 3936.0 3496.0 576.0 2673.0 4606.0 153.0 335.0 
1653.0 3854.0 3944.0 280.0 2632.0 4020.0 242.0 2256.0 3408.0 
