112.0 1302.0 305.0 288.0 1392.0 7104.0 2970.0 675.0 
4686.0 0.0 4536.0 2150.0 84.0 3696.0 3515.0 2484.0 
8460.0 378.0 666.0 418.0 2482.0 836.0 1332.0 2139.0 
315.0 3900.0 3440.0 3588.0 1377.0 684.0 3621.0 1692.0 
3007.0 2852.0 2470.0 2880.0 3888.0 2820.0 1272.0 260.0 
250.0 1575.0 3276.0 792.0 2185.0 462.0 1411.0 2002.0 
111.0 3040.0 5310.0 2296.0 693.0 7760.0 531.0 1264.0 
4158.0 140.0 432.0 903.0 3696.0 2002.0 6072.0 637.0 
693.0 222.0 7395.0 6804.0 2075.0 4968.0 0.0 637.0 
4144.0 5626.0 1342.0 3410.0 2425.0 1128.0 2201.0 0.0 
1392.0 0.0 5451.0 5490.0 3375.0 215.0 3350.0 2640.0 
1840.0 8428.0 3294.0 4655.0 4074.0 1620.0 96.0 2093.0 
4455.0 6885.0 3825.0 2146.0 1978.0 4459.0 900.0 9207.0 
2580.0 9504.0 5670.0 1358.0 4230.0 320.0 6882.0 2871.0 
1350.0 1056.0 2989.0 9212.0 2494.0 2100.0 406.0 441.0 
476.0 0.0 1190.0 128.0 735.0 3472.0 350.0 1904.0 
2450.0 2135.0 4745.0 496.0 1134.0 1674.0 864.0 2108.0 
3795.0 150.0 0.0 360.0 1271.0 1225.0 1870.0 962.0 
3230.0 4608.0 1116.0 2277.0 756.0 1584.0 6468.0 1369.0 
3016.0 5214.0 2583.0 1450.0 3640.0 78.0 1824.0 35.0 
99.0 3256.0 871.0 3696.0 243.0 8342.0 178.0 7448.0 
2160.0 1190.0 1817.0 4374.0 420.0 4116.0 1456.0 2886.0 
1840.0 1209.0 276.0 810.0 2688.0 1547.0 1288.0 231.0 
4510.0 4814.0 5060.0 272.0 2109.0 7380.0 2650.0 3120.0 
7553.0 603.0 1050.0 8064.0 1767.0 2627.0 250.0 0.0 
27.0 5115.0 215.0 198.0 774.0 484.0 7440.0 323.0 
160.0 6642.0 725.0 528.0 2208.0 4731.0 1150.0 2262.0 
5346.0 1596.0 384.0 68.0 6075.0 6497.0 4092.0 3542.0 
6045.0 8184.0 1320.0 870.0 4212.0 1820.0 132.0 2480.0 
650.0 5766.0 3645.0 2432.0 5625.0 374.0 1920.0 5400.0 
4320.0 2553.0 550.0 1156.0 406.0 3440.0 2583.0 2190.0 
144.0 116.0 4653.0 2225.0 531.0 0.0 4745.0 546.0 
1344.0 5346.0 0.0 1633.0 639.0 4056.0 4320.0 1729.0 
90.0 4785.0 891.0 342.0 989.0 7315.0 1536.0 672.0 
2745.0 3575.0 408.0 860.0 3344.0 204.0 3162.0 966.0 
2494.0 1425.0 148.0 2720.0 360.0 6375.0 5015.0 204.0 
954.0 2418.0 860.0 56.0 5152.0 240.0 184.0 4914.0 
744.0 1426.0 1288.0 1316.0 1431.0 49.0 276.0 6120.0 
912.0 66.0 2204.0 5751.0 2175.0 4680.0 6688.0 2750.0 
924.0 4897.0 1314.0 918.0 108.0 0.0 160.0 4717.0 
920.0 3465.0 3150.0 2821.0 2640.0 2940.0 468.0 6643.0 
2300.0 3504.0 73.0 2880.0 6873.0 4830.0 2640.0 255.0 
4455.0 36.0 4216.0 255.0 3953.0 1628.0 3564.0 8924.0 
840.0 2200.0 5760.0 8370.0 3984.0 2340.0 3320.0 546.0 
3960.0 3564.0 2030.0 1843.0 6110.0 1254.0 3956.0 4536.0 
3936.0 6177.0 3471.0 3596.0 6750.0 5146.0 6622.0 4606.0 
2550.0 2016.0 196.0 124.0 27.0 2160.0 1296.0 1428.0 
1980.0 630.0 6800.0 1680.0 559.0 5964.0 7200.0 4087.0 
1260.0 2688.0 3162.0 2380.0 80.0 4180.0 1976.0 2296.0 
6192.0 6205.0 1072.0 90.0 8613.0 3819.0 4743.0 4368.0 
1974.0 3510.0 2448.0 845.0 1782.0 536.0 7584.0 1520.0 
360.0 4361.0 390.0 350.0 3150.0 3440.0 4158.0 38.0 
2214.0 5796.0 1612.0 7304.0 3180.0 6003.0 48.0 286.0 
2492.0 6048.0 3774.0 130.0 812.0 5550.0 2484.0 4650.0 
2665.0 6966.0 5100.0 70.0 2336.0 4582.0 2280.0 2106.0 
2275.0 8554.0 4950.0 1701.0 1298.0 516.0 3510.0 462.0 
4290.0 2115.0 8536.0 1120.0 3750.0 4505.0 184.0 6144.0 
4664.0 3589.0 45.0 1548.0 1518.0 4116.0 1649.0 2624.0 
726.0 3654.0 3431.0 3492.0 3920.0 9016.0 2024.0 2646.0 
2673.0 1160.0 1326.0 352.0 1440.0 2185.0 990.0 5208.0 
2160.0 3321.0 1260.0 248.0 1890.0 4466.0 8740.0 195.0 
6080.0 2133.0 4590.0 2184.0 702.0 504.0 5580.0 2772.0 
198.0 3723.0 170.0 2184.0 1520.0 880.0 1365.0 4288.0 
5312.0 3234.0 560.0 86.0 4656.0 4628.0 5133.0 7238.0 
