1763.0 429.0 128.0 5580.0 490.0 352.0 420.0 
400.0 56.0 4446.0 3105.0 4176.0 1444.0 2024.0 
715.0 4466.0 3321.0 162.0 2277.0 510.0 570.0 
2242.0 3936.0 2607.0 1058.0 735.0 1368.0 4539.0 
3528.0 1328.0 369.0 1665.0 7938.0 3150.0 7980.0 
1029.0 0.0 4015.0 6396.0 2623.0 3082.0 1728.0 
6970.0 5590.0 96.0 4005.0 3402.0 416.0 3960.0 
1825.0 2255.0 592.0 7544.0 74.0 3528.0 3010.0 
1881.0 1500.0 3182.0 1222.0 3886.0 570.0 2380.0 
4144.0 5913.0 3050.0 144.0 1150.0 5429.0 8008.0 
1711.0 460.0 1596.0 1908.0 549.0 1298.0 108.0 
1802.0 3009.0 945.0 4180.0 4929.0 5796.0 136.0 
350.0 0.0 882.0 781.0 266.0 140.0 3977.0 
7462.0 5074.0 4860.0 363.0 2340.0 2862.0 5265.0 
5022.0 3120.0 651.0 4628.0 128.0 5120.0 27.0 
0.0 78.0 1656.0 0.0 0.0 1485.0 9120.0 
5568.0 8084.0 154.0 1088.0 1701.0 2208.0 2262.0 
8448.0 390.0 4277.0 3965.0 672.0 2808.0 2080.0 
1470.0 6450.0 861.0 5168.0 360.0 1998.0 6141.0 
989.0 2352.0 1312.0 3916.0 2070.0 51.0 1326.0 
272.0 2784.0 708.0 248.0 7722.0 3953.0 396.0 
5400.0 2684.0 270.0 3240.0 14.0 3094.0 5720.0 
3069.0 136.0 2464.0 2656.0 1312.0 384.0 4554.0 
3760.0 2442.0 3960.0 2652.0 2888.0 328.0 67.0 
240.0 4698.0 6970.0 3136.0 684.0 2340.0 120.0 
1368.0 2304.0 7254.0 3432.0 1938.0 2440.0 1976.0 
1067.0 1848.0 175.0 198.0 196.0 1419.0 310.0 
3344.0 594.0 1176.0 1152.0 2847.0 3339.0 40.0 
1363.0 5810.0 1584.0 1683.0 98.0 864.0 5475.0 
4599.0 969.0 728.0 2016.0 1825.0 2496.0 9215.0 
2697.0 3420.0 4884.0 7220.0 1976.0 7326.0 1014.0 
5100.0 2535.0 4608.0 7533.0 1400.0 81.0 1820.0 
5640.0 6210.0 4088.0 765.0 3268.0 6674.0 1738.0 
1078.0 5700.0 485.0 1260.0 0.0 1104.0 4428.0 
630.0 0.0 1176.0 816.0 3720.0 2926.0 2210.0 
910.0 2784.0 308.0 4752.0 504.0 1325.0 0.0 
3854.0 1440.0 2511.0 396.0 8722.0 3256.0 1335.0 
2752.0 0.0 1848.0 7084.0 5840.0 350.0 228.0 
8091.0 1932.0 4680.0 6468.0 2438.0 1085.0 2208.0 
1860.0 6972.0 1485.0 5040.0 1380.0 5220.0 3686.0 
1836.0 3800.0 6068.0 8415.0 2520.0 1188.0 8730.0 
5664.0 5487.0 294.0 3075.0 1085.0 0.0 6210.0 
2250.0 600.0 2494.0 3901.0 1404.0 4416.0 1716.0 
3634.0 5723.0 3248.0 624.0 3400.0 576.0 264.0 
4482.0 4028.0 6720.0 6650.0 76.0 1520.0 264.0 
3525.0 4845.0 168.0 2976.0 1365.0 3772.0 1794.0 
442.0 1365.0 623.0 308.0 222.0 3195.0 2522.0 
268.0 1968.0 588.0 3400.0 312.0 5244.0 1540.0 
860.0 413.0 1430.0 2813.0 3990.0 890.0 792.0 
