8019.0 7252.0 8464.0 8370.0 585.0 1224.0 1190.0 3168.0 4462.0 0.0 2091.0 
2275.0 2448.0 1700.0 2937.0 1365.0 3515.0 126.0 1148.0 3870.0 1044.0 2668.0 
2430.0 4366.0 3784.0 2552.0 333.0 240.0 876.0 0.0 935.0 2304.0 558.0 
555.0 1628.0 2628.0 6764.0 2622.0 200.0 1092.0 84.0 1740.0 2378.0 253.0 
4615.0 129.0 1710.0 5772.0 5044.0 344.0 1568.0 1410.0 1716.0 1560.0 423.0 
225.0 2295.0 2068.0 3575.0 110.0 390.0 3240.0 704.0 1095.0 3162.0 576.0 
88.0 1700.0 1848.0 312.0 312.0 120.0 364.0 1508.0 306.0 1386.0 45.0 
207.0 2064.0 368.0 574.0 1944.0 1500.0 8256.0 4888.0 30.0 3870.0 798.0 
4331.0 581.0 1855.0 90.0 26.0 768.0 5546.0 3808.0 840.0 1102.0 2604.0 
1530.0 2964.0 4462.0 2881.0 4047.0 2470.0 801.0 540.0 1152.0 8740.0 770.0 
2080.0 3216.0 2436.0 5184.0 1078.0 570.0 30.0 258.0 2184.0 6643.0 3120.0 
5510.0 1914.0 4860.0 3220.0 364.0 5270.0 588.0 2574.0 1292.0 910.0 5481.0 
962.0 108.0 1936.0 300.0 1411.0 1065.0 3612.0 1386.0 7050.0 672.0 28.0 
1536.0 3538.0 5940.0 4557.0 3.0 2408.0 352.0 825.0 2460.0 3021.0 34.0 
7482.0 5472.0 84.0 130.0 567.0 1848.0 352.0 1849.0 826.0 80.0 615.0 
598.0 600.0 1269.0 1392.0 2726.0 1116.0 1215.0 2788.0 1444.0 4266.0 3380.0 
1066.0 1792.0 261.0 504.0 148.0 29.0 2291.0 3456.0 237.0 445.0 5607.0 
2106.0 7990.0 2950.0 5590.0 522.0 5044.0 6650.0 468.0 2226.0 1350.0 3840.0 
485.0 396.0 3763.0 1136.0 1800.0 1426.0 4732.0 900.0 7332.0 1805.0 2079.0 
350.0 6552.0 340.0 2204.0 134.0 1380.0 1185.0 1035.0 1875.0 4158.0 360.0 
5005.0 5372.0 408.0 4977.0 5590.0 1261.0 740.0 705.0 760.0 2368.0 3355.0 
106.0 380.0 2703.0 2088.0 4512.0 161.0 1200.0 4611.0 648.0 1936.0 319.0 
2697.0 2640.0 1886.0 3150.0 4056.0 672.0 782.0 3360.0 2697.0 5751.0 3422.0 
2550.0 7280.0 560.0 1080.0 2581.0 180.0 480.0 2352.0 1224.0 506.0 700.0 
2576.0 57.0 3825.0 2139.0 1196.0 874.0 4884.0 1204.0 752.0 5607.0 222.0 
312.0 4704.0 5612.0 286.0 3584.0 9.0 2430.0 1152.0 2001.0 27.0 92.0 
1235.0 2788.0 5335.0 893.0 7332.0 0.0 1575.0 468.0 5494.0 4623.0 7298.0 
1976.0 51.0 1116.0 5848.0 3000.0 2960.0 0.0 275.0 6560.0 4459.0 1632.0 
0.0 1040.0 4.0 70.0 1716.0 3783.0 4958.0 360.0 5742.0 8832.0 240.0 
1001.0 4180.0 3162.0 248.0 3564.0 1558.0 4293.0 4690.0 48.0 2728.0 1512.0 
2772.0 1215.0 1458.0 5208.0 0.0 1519.0 900.0 3264.0 120.0 2822.0 402.0 
2891.0 2808.0 9212.0 2640.0 504.0 715.0 228.0 1350.0 168.0 2520.0 3081.0 
5829.0 57.0 2016.0 1196.0 5772.0 1485.0 2349.0 252.0 1675.0 180.0 300.0 
8930.0 1914.0 6864.0 140.0 6480.0 30.0 110.0 7448.0 2622.0 7296.0 715.0 
3854.0 3920.0 1000.0 1020.0 6970.0 8428.0 640.0 8091.0 6336.0 6762.0 1541.0 
8554.0 1078.0 5610.0 1462.0 6596.0 572.0 1080.0 5390.0 330.0 2225.0 5076.0 
3575.0 2511.0 4140.0 1140.0 230.0 4200.0 2255.0 294.0 344.0 500.0 215.0 
7920.0 2992.0 1491.0 2856.0 155.0 935.0 2852.0 3168.0 3036.0 7920.0 66.0 
21.0 1672.0 1081.0 675.0 2501.0 5548.0 1330.0 4158.0 380.0 1088.0 0.0 
2736.0 3304.0 414.0 675.0 3149.0 4.0 1376.0 580.0 1440.0 291.0 1632.0 
672.0 81.0 3552.0 1330.0 132.0 8370.0 2040.0 1890.0 3840.0 1368.0 1054.0 
295.0 532.0 2790.0 4212.0 1394.0 6642.0 1242.0 175.0 3038.0 74.0 1998.0 
182.0 360.0 413.0 104.0 2262.0 1496.0 2576.0 5175.0 960.0 2891.0 558.0 
490.0 1040.0 792.0 4774.0 3717.0 3534.0 624.0 8188.0 1628.0 286.0 1176.0 
4750.0 5568.0 6762.0 2898.0 1424.0 600.0 3910.0 1358.0 4134.0 1392.0 2156.0 
189.0 1178.0 6264.0 4800.0 2520.0 3528.0 1508.0 1008.0 1116.0 3588.0 0.0 
1634.0 1691.0 5487.0 8.0 475.0 1863.0 350.0 1950.0 585.0 558.0 1260.0 
1958.0 3828.0 266.0 7990.0 156.0 504.0 4100.0 3068.0 5225.0 6952.0 3772.0 
2668.0 584.0 2475.0 86.0 585.0 2520.0 3608.0 1656.0 630.0 340.0 3038.0 
2812.0 3072.0 4628.0 2280.0 2808.0 58.0 6789.0 1190.0 729.0 3034.0 312.0 
480.0 1440.0 2842.0 530.0 962.0 3960.0 966.0 880.0 1274.0 4408.0 6016.0 
1666.0 4320.0 4788.0 4950.0 664.0 5247.0 145.0 315.0 414.0 6660.0 7896.0 
1960.0 4860.0 1771.0 60.0 714.0 4697.0 4661.0 2772.0 6375.0 252.0 903.0 
7176.0 148.0 4480.0 3690.0 200.0 9408.0 168.0 4650.0 4370.0 6111.0 3139.0 
3150.0 903.0 3168.0 1134.0 5084.0 1739.0 1104.0 2852.0 1260.0 1825.0 7176.0 
2173.0 820.0 595.0 3927.0 1368.0 6630.0 108.0 2655.0 54.0 4898.0 2144.0 
3432.0 1488.0 1624.0 315.0 2848.0 2368.0 1144.0 2622.0 1088.0 1058.0 247.0 
640.0 2940.0 270.0 7081.0 1136.0 406.0 1443.0 1805.0 5184.0 4788.0 2992.0 
426.0 328.0 924.0 1764.0 3800.0 975.0 3081.0 946.0 6435.0 3456.0 4500.0 
26.0 2340.0 2158.0 4368.0 371.0 2592.0 60.0 923.0 371.0 1428.0 1176.0 
3094.0 4345.0 2728.0 315.0 300.0 368.0 82.0 2538.0 63.0 0.0 3192.0 
320.0 1312.0 1500.0 54.0 4536.0 1960.0 363.0 2430.0 2420.0 210.0 2016.0 
4655.0 525.0 540.0 3968.0 6474.0 570.0 2508.0 6480.0 2562.0 1326.0 360.0 
49.0 340.0 126.0 600.0 208.0 110.0 222.0 3008.0 1581.0 7719.0 3168.0 
2392.0 1140.0 2581.0 300.0 5166.0 1344.0 1300.0 2430.0 1462.0 0.0 1128.0 
3564.0 3600.0 5372.0 52.0 106.0 78.0 4.0 5088.0 0.0 1350.0 1584.0 
3850.0 3960.0 336.0 5896.0 1804.0 1288.0 1692.0 258.0 1656.0 4050.0 1750.0 
7505.0 352.0 156.0 320.0 6586.0 780.0 532.0 0.0 3276.0 324.0 15.0 
4698.0 969.0 75.0 1566.0 60.0 2970.0 864.0 0.0 1728.0 1116.0 4080.0 
1710.0 504.0 1000.0 3135.0 372.0 3705.0 380.0 258.0 1440.0 2520.0 7452.0 
4559.0 0.0 1722.0 81.0 1100.0 26.0 3834.0 413.0 2200.0 2444.0 2494.0 
6006.0 2688.0 925.0 1904.0 5576.0 95.0 42.0 3375.0 225.0 384.0 3104.0 
3120.0 6090.0 1700.0 4624.0 9021.0 4800.0 1680.0 2664.0 1960.0 5626.0 480.0 
372.0 6643.0 840.0 2332.0 804.0 961.0 28.0 3640.0 1496.0 8019.0 384.0 
460.0 578.0 5985.0 60.0 138.0 2814.0 8232.0 700.0 280.0 2200.0 1560.0 
5610.0 230.0 3332.0 2419.0 1924.0 1694.0 1680.0 2166.0 848.0 7290.0 4526.0 
885.0 1166.0 5124.0 2025.0 576.0 1260.0 2592.0 126.0 2310.0 1716.0 820.0 
2592.0 6208.0 1976.0 1734.0 3808.0 828.0 1023.0 1323.0 0.0 2178.0 2832.0 
2640.0 1602.0 3330.0 4720.0 1377.0 148.0 4180.0 608.0 1691.0 2656.0 6942.0 
483.0 0.0 4850.0 3744.0 4505.0 920.0 1406.0 602.0 3432.0 84.0 3213.0 
6210.0 676.0 0.0 3220.0 23.0 240.0 2552.0 84.0 1275.0 1296.0 2730.0 
2538.0 4080.0 3224.0 2184.0 651.0 2890.0 4089.0 529.0 1612.0 6370.0 300.0 
3036.0 74.0 104.0 1027.0 2958.0 276.0 2926.0 924.0 740.0 590.0 1066.0 
1230.0 16.0 546.0 2652.0 1140.0 588.0 600.0 5472.0 530.0 9506.0 1365.0 
726.0 840.0 4346.0 215.0 3588.0 2255.0 572.0 800.0 8448.0 1118.0 4410.0 
102.0 2160.0 13.0 448.0 1067.0 184.0 1512.0 5529.0 1176.0 2688.0 714.0 
840.0 2015.0 1353.0 5445.0 1850.0 4214.0 2793.0 2700.0 1736.0 4602.0 455.0 
0.0 567.0 748.0 1067.0 2052.0 1425.0 231.0 4725.0 3108.0 180.0 564.0 
140.0 1850.0 2400.0 468.0 232.0 990.0 138.0 2541.0 851.0 1026.0 3096.0 
585.0 6586.0 3534.0 6762.0 3740.0 196.0 2640.0 492.0 6237.0 3120.0 9405.0 
370.0 72.0 2744.0 3220.0 3744.0 110.0 1610.0 2565.0 6059.0 920.0 80.0 
22.0 544.0 1764.0 5280.0 1164.0 1936.0 1312.0 392.0 37.0 1876.0 4489.0 
6072.0 85.0 828.0 150.0 196.0 4335.0 1802.0 134.0 1591.0 3115.0 4032.0 
3420.0 1440.0 1026.0 380.0 935.0 2772.0 3478.0 576.0 2268.0 3237.0 2184.0 
1040.0 0.0 6162.0 4508.0 0.0 5494.0 0.0 1769.0 1428.0 7735.0 3445.0 
5880.0 300.0 1826.0 6336.0 3354.0 1914.0 116.0 473.0 1364.0 56.0 4088.0 
1325.0 472.0 864.0 805.0 2646.0 3744.0 2240.0 686.0 1548.0 1764.0 1701.0 
1656.0 1750.0 686.0 3822.0 1566.0 3159.0 0.0 5546.0 182.0 759.0 9603.0 
8464.0 4565.0 2068.0 1600.0 572.0 4845.0 378.0 4508.0 3913.0 3395.0 5320.0 
700.0 546.0 174.0 8464.0 6138.0 2736.0 1690.0 5658.0 3312.0 781.0 3182.0 
2146.0 248.0 480.0 480.0 3321.0 1824.0 3550.0 2772.0 4320.0 2387.0 5684.0 
7728.0 48.0 5888.0 2496.0 424.0 207.0 1105.0 4029.0 660.0 2976.0 1638.0 
4089.0 2508.0 1225.0 261.0 874.0 1408.0 2070.0 63.0 2975.0 6164.0 114.0 
1440.0 3168.0 7440.0 6144.0 812.0 332.0 5850.0 2730.0 405.0 3116.0 1462.0 
1519.0 950.0 1128.0 5544.0 6887.0 6734.0 4800.0 2604.0 5400.0 42.0 2250.0 
7722.0 116.0 2494.0 1300.0 3942.0 1350.0 144.0 136.0 329.0 837.0 4895.0 
1575.0 5394.0 2040.0 288.0 4104.0 3360.0 1552.0 2964.0 270.0 5850.0 3344.0 
4988.0 5643.0 3621.0 2457.0 126.0 7626.0 4050.0 901.0 4662.0 3816.0 9306.0 
5293.0 0.0 2769.0 2923.0 6912.0 870.0 8463.0 3432.0 99.0 2044.0 729.0 
5561.0 533.0 390.0 156.0 5372.0 3916.0 1078.0 3564.0 329.0 0.0 528.0 
300.0 75.0 5238.0 3230.0 4550.0 2491.0 200.0 207.0 1148.0 2772.0 5005.0 
3740.0 7790.0 1898.0 0.0 1976.0 2976.0 344.0 510.0 1183.0 4187.0 2400.0 
5082.0 6402.0 228.0 2856.0 702.0 5110.0 6076.0 3735.0 352.0 1408.0 8624.0 
2160.0 1045.0 2660.0 1862.0 1272.0 1840.0 440.0 1422.0 5400.0 238.0 30.0 
3280.0 357.0 16.0 1472.0 825.0 4779.0 114.0 518.0 2583.0 370.0 1794.0 
1386.0 328.0 158.0 1377.0 1330.0 8245.0 3330.0 175.0 49.0 385.0 1943.0 
3007.0 178.0 6750.0 1672.0 3045.0 6534.0 4380.0 3432.0 1280.0 4745.0 2916.0 
7553.0 2494.0 2449.0 1035.0 3136.0 988.0 2256.0 5046.0 4400.0 308.0 210.0 
5920.0 8272.0 897.0 4128.0 6580.0 4998.0 286.0 1273.0 6080.0 1568.0 475.0 
2925.0 3740.0 600.0 264.0 2550.0 5415.0 294.0 3654.0 912.0 756.0 242.0 
132.0 1584.0 6960.0 2016.0 1690.0 392.0 4788.0 2418.0 660.0 110.0 6084.0 
