-1.3358480038362064E9 2948774.338139006 1.6561432152598517E9 -1.9532295379929368E9 -1.5455236771771055E8 6.157357743870556E8 -4.646596344677652E8 -1.1555208632943375E9 -9.336952931072456E8 1.7385685982709534E9 
-6.595940179922847E8 1.6187655720867572E9 1.6625188072747889E9 -2.7204260621990684E7 -6.005218177997657E8 1.0819589813689244E9 -5.622777838166155E8 1.9564910140249152E9 5.1614379226637416E7 -1.7018202658398135E9 
1.822771200061621E8 2.6708822415396884E8 -1.0913634437916708E9 -1.3534674416265242E9 1.1234014320304065E9 -1.2129756447252192E9 -2.1313348855842042E9 6.08511434224067E8 -1.0978627716709328E9 -5.855834799246671E8 
-2.0029387099659846E9 -1.5662912798575214E8 2.9486575844626284E8 1.8598842240669472E9 -6.41302043451864E8 1.5610633121167798E9 -6.342498476746802E8 -7.526437553416408E8 -8.273335078403279E8 1.789604208212289E9 
6.998671091502708E8 1.8269285762523565E9 -4.757394218775034E8 1.2864260564369924E9 2.0586850591259096E9 1.8836863041581233E9 8.261615203657664E8 -6.702649477784166E8 7.435849901143352E8 -1.5668001528007917E9 
-1.6975279929631102E9 1.155139984690528E9 -9.880256959999462E8 6.697977225930981E7 2.0328687661771755E9 1.3287630217360907E9 1.1781907927180638E9 -9.477057992978896E7 -1.8530027974303775E9 5.599567600385379E8 
2.5162519823757693E8 1.7893845560861912E9 2.6202828804464644E8 4.995226721699917E8 6.272404361774422E8 1.3465457404507477E9 -1.1859486409092417E9 -1.9667929290976493E9 -8.227164927768806E8 1.470980123277136E8 
-9.919803052571458E7 7.77598392302465E8 -1.7065950118860376E9 -4.627526169192481E8 -7.208452311792756E8 -5.987490796894473E8 4.885901920978632E8 -1.491232866908362E9 -3.8525479836036555E7 -7.023600689838243E8 
-2.140218092816424E9 6.532461703595E8 2.0687274010039628E9 -4.102708373887604E8 1.805538360193721E9 1.7952407520065465E9 -1.382658247137423E9 -1.915439886203193E8 -1.4732155167818425E9 -3.337598038404144E8 
2.123067932547241E9 1.171382208255218E9 7.643054300030221E8 9.470490670749028E8 -9.373185598984803E8 -1.358197725909944E9 1.1777403853525941E9 -9.347521038223631E8 1.484349856421078E9 -1.3450164796581426E8 
1.8270239973569355E9 1.9023422220829222E9 -1.0645409445065485E8 2.2315571244978765E8 2.0802398482889762E9 7.099140063169012E8 -2.034976199290783E9 1.0318574361805674E9 3.7248982484079146E8 -4.589157994244632E8 
-1.981673479943409E9 3.188951060503301E8 8.738268031479666E8 1.6262648444897523E9 1.2538713480161984E9 1.9247779236308563E9 1.01806287244948E9 -1.2407533756866932E9 -1.3350222699951012E9 4.968033410187448E8 
1.283507800305019E9 -4.2611664384894717E8 1.7350167640014136E9 7.339626580298886E8 5.1713131840221214E8 6.002862400010643E8 -8.552675476979893E8 1.900083097013091E9 -6.080754994446259E8 1.534591470882186E9 
-4.183528477575682E8 -1.5176762677998924E9 -2.361035872939237E8 1.345144140455544E9 -5.323415991936879E7 -1.8895537029824178E9 -9.053832537631197E8 8.108860341108874E8 -1.7825274806827629E9 1.3065011832323225E9 
6.954151040775466E8 -2.798027248798477E8 3.077238964654468E8 -1.1011590386162983E8 -1.4024810896087426E8 -3.888675946264817E8 4.768993320726677E8 1.207857664124608E9 -1.9388772399461873E9 -1.6271601837947679E9 
1.3536442744218447E9 -3.326131577374239E8 1.655015860165766E9 -3.460899597153408E8 -2.0530847689648983E9 1.7465772774962425E9 2.0855559200246465E8 2.1227531124490714E9 -1.9348292928748882E9 1.9012580147065763E9 
1.993580152544854E9 7.33308384257846E8 -1.3526254059573157E9 1.0197969846051352E9 -2.1370997759612288E9 -9.600830439777571E8 -1.6952183993647923E9 396688.25213705277 -7.087333519932913E8 1.2078661436062142E8 
-2.3998751587206393E8 -9.943182245040469E8 4.966896653192556E8 8.122288401219363E8 1.3279431311417363E9 -3.2117895598398E8 -1.5154047135820742E9 4.264095441941578E8 2.0509227421876647E9 5.71155422221831E8 
-5.459341986109403E8 1.6557992093515003E9 1.1509895902486405E8 8.03298920208683E8 -3.5641704087387943E8 8.297480848007766E8 -3.776514479063235E8 -1.0938501592747955E8 -1.1337480712809873E9 8.295262880162128E8 
9.464306127142909E8 -1.6338073099740293E9 5.448553603633701E8 -1.7426622248019173E9 1.1426190724772012E9 3.199375860022873E8 -4.356755915948841E8 1.3021424565325682E9 1.1899735182025576E9 -1.988805579575008E8 
2.0174180480450351E9 4.016529957043401E8 1.9564733846032953E9 6.040149260492446E8 1.4712927524657636E9 1.7549507524417672E8 1.9066780621231456E9 1.7833340610042849E9 -1.7199107545663238E9 -2.0137860999529406E8 
1.8977443932516313E9 -2.1410848076528282E9 -1.5272044678386223E9 -7.230337677728684E8 -7.307948778870351E8 1.0223722842560446E8 -8.659591997514659E8 -1.4329865844036949E9 -1.345705165168136E9 7.281464641111125E8 
1.3903692522079961E9 -5.2497282184817916E8 -1.1701567998606923E9 -1.8094344338525767E9 1.940743220274939E9 -1.7937760218588526E9 -5.2518265591055673E8 6.802197000206485E8 3.7081156800634974E8 -1.1535458972566934E7 
1.8922046751946192E9 -1.778246679964398E8 1.0578664055387877E8 6.959813645504022E8 1.7230533080097277E9 -2.0119319059606516E9 -1.8085548139941115E9 1.3090983689197056E9 1.4678128861001298E9 3.3655398912251765E8 
1.8483887153581398E9 -1.5003326715992153E9 -8.848198428824413E8 -3.892053758842791E8 3.223110441483234E8 -9.142757898698586E8 -5.452116768958963E8 -2.1049910717916296E9 -2.9368237606993824E7 -1.214851954163627E9 
1.8165894500467243E9 1.7111255064004524E9 -9.077310499469922E7 1.6416627581586182E9 1.3423959460787952E9 -2.1165318339909801E9 -6.477327780273613E7 -9.50066103749186E8 3.4135129678497595E8 -2.1062632979611363E9 
-1.839453119002694E8 -1.386968484931722E9 -1.1078596074157472E9 1.548462826600096E9 1.710109638725075E9 -1.4940241927302034E9 -1.93087389590738E9 6.52359698004734E8 9.061749882386196E8 -1.471113127145218E9 
9.540070934653225E8 -6.198748879972134E8 -1.1285600367146928E9 -1.9291588786426577E8 -1.0105221759851985E9 1.6749666346063914E9 1.7699431600134534E8 -1.8781459199075317E9 -1.201872903552759E9 7.238238160548016E8 
1.4161127437485862E8 1.364962941047464E9 1.8640833830278628E9 8.782247042760167E8 9.255095963712525E8 -9.565339115275949E8 9.070539182020577E8 8.735020400169495E8 -1.4662361539595864E9 -3.7698796756916606E8 
1.5256056709576473E8 1.3005946141136672E9 1.9228368860943165E9 -1.8838194888207498E9 1.5001667285136924E9 2.951157500111698E8 -1.9457002597815607E9 -1.166111931940779E9 8.918121602896723E8 -1.8715516876096852E9 
1.4615249721908562E9 -3.649504865268247E8 6.055412163044206E8 1.0122577464029809E9 6.64484970432834E8 1.06073576022385E9 1.531210351123063E9 1.403424662019034E9 1.7110901601470804E9 -1.7542024192915258E8 
-9.279434505282297E8 -1.0274601008899853E9 6.600871801403822E8 -1.7743251779341433E9 -4.3591419983195996E8 4.750028420071763E8 7.236147172649121E8 -1.188062001698651E9 -5.986803836722249E8 -2.05215195151432E9 
-1.4911417976428375E9 -7.13545608530438E8 2.5560341450737926E8 -1.7108015008654401E9 1.308238661376826E9 5.058357101100356E8 -8.300931663013248E7 1.4918063840263047E9 1.799864772172939E9 -6.990601199502066E7 
6.4668601515166E8 -7.257572346530503E7 8.245170451621709E8 2.0968316825623643E8 1.9597463314813023E9 6.60349352081849E8 1.6309123004550211E9 -6.117981108720424E8 3.28482016320499E8 -8.556970256096396E8 
1.409538595449751E9 5.297299320646637E8 1.8820872454636436E9 -1.9710699847035522E9 4.227869420705847E8 1.935145234090813E9 -1.866365902760581E9 -2.1015921234356246E9 -1.6611898575829527E9 -1.8812266754114687E8 
-6.776268690802835E7 -1.0174013038998637E9 -1.0528287072494704E9 -1.3742521037039738E9 1.6131185187186105E9 9.328019521138355E8 -4.261815876313056E8 1.4037761406126604E9 1.4405494004928133E8 -1.8246905393188062E8 
2.1174435135119417E9 -1.0309168397856991E9 4.960509157172015E8 5.128442241960319E8 -8.186426401695787E8 -1.3536936457546933E9 1.8664555181752014E9 -4.7564697977137285E8 1.0512852203274117E9 -1.5768704433342133E9 
-1.7242752032719836E9 -7.634180238588386E8 1.6707185280138113E9 1.4928763103342396E8 1.078545120038497E9 -1.9969314277988653E9 6.746136190457678E8 2.0611229591316068E9 -1.7771073275535898E9 1.9999995191776175E9 
1.3578057087628794E9 -1.8453712876694145E9 -1.6653231999648578E9 -9.376507519546189E8 1.0578597622146173E9 5.284268409482498E7 2.6562007027047865E7 1.4879672080460715E9 6.06895117115742E8 1.8660115363872168E9 
-2.6364928348389444E8 7.559643480381525E8 -1.4014326459847167E9 -1.219144053772818E9 1.8817281845239384E9 -1.967867767882221E9 1.5690145921869767E9 3.653730046358833E8 -1.342176319669216E9 1.3213372723010776E9 
-6.766872839793979E8 -2.0698274778981876E9 1.260777659099659E9 1.320732536085506E9 -1.7610748636541367E9 -1.5587916093645735E9 -3.437126838526123E8 6.769275630292325E8 1.1931053445775616E9 7.457888760832634E8 
2.0451574161672282E9 -1.759460376736185E9 -1.2885143529762177E9 -1.7023831359621255E9 -9.256730770291726E7 1.0109277758670421E8 4.071308060962214E8 -1.2475599999923973E9 4.5683055219872534E8 4.7813399655417186E8 
1.5759332480062022E9 1.3010728800314317E9 -8.040134898453134E8 1.3646236041205113E9 -4.338796864243255E8 7.152467921193597E8 -1.9357298009649346E9 -1.8661991659556303E9 -4.017672719429465E8 -1.023384895348108E9 
-1.796663629605995E9 1.563075085453348E9 3.1432484800510174E8 1.8200309000564246E9 -9.85056049811508E8 1.3594347026298096E9 -1.4302819998659675E9 1.100432844947631E9 1.6939699877968986E9 -1.7566754439853568E9 
4.5924679425043154E8 1.944173810393638E9 -1.484114547809207E9 -3.7127179765094733E8 -8.326529596541592E8 1.2844398040136364E9 2.1134469442823088E9 -1.1550643467353168E9 9.918283120940765E8 -3.928168338485181E7 
-7.899506794443992E8 -1.8335840876813443E9 -1.5525218199167022E8 -9.3293926396198E8 -8.346030327405895E8 1.666158594048869E9 1.380387008174926E9 1.2169145890860937E9 7.51541608329432E8 -1.6181751279417243E9 
-1.3456605187092054E9 2.7247213205811954E8 1.9589195521186714E9 -1.1680026145822937E9 -1.2581753271816165E9 -1.3069399676450677E9 -1.315558828975758E9 1.3596929702826424E9 9.621295163140122E8 1.4598874320250275E9 
-1.512663671624738E8 1.647604414032474E9 1.375844496347589E9 -1.0236098336132424E9 -4.916845778891128E8 -1.719093483476813E9 1.438939720150832E9 -1.368399519615837E9 1.966800266741059E9 1.4849267561920872E9 
9.947201522434827E8 2.6510748010047668E8 -1.3229232038933723E9 -8.269989779456073E8 -6.449498419616177E8 8.32509803038413E8 -3.6105399554992056E8 1.3698097213965445E9 6.30155967293988E8 1.589940872178636E9 
4.20982601252599E7 2.0559099482983727E9 1.980422404667062E9 1.1469986250244083E9 -4.533773919988639E8 9.019408450215954E8 1.4424092003219237E9 -1.3592698269093556E9 6.823515740277488E8 -1.6623611579256356E9 
-5.781822639091159E8 -3.238459356260073E8 6.247893282973661E8 -6.602474882279502E7 1.3502158330870183E9 1.7229256620921576E9 -1.8156970204319503E9 -5.737592919209164E8 -1.837199366134478E9 -6.843374098032703E7 
-6.534678115448914E8 1.1400027360180507E9 5.381335525833313E8 -1.807417183821993E9 1.2406400029220007E8 6.653351880658302E8 6.98391684167105E8 -1.2128685129725032E9 1.3471397442304385E9 -3.3298235919706136E8 
-2.1324542608990107E9 1.939908142165846E9 9.053959910488601E8 -2.092232135946638E9 -1.5179169799671016E9 1.6842784562723966E9 1.4450826200812223E9 6.178686453464439E8 -2.4994908780715308E8 -9.159016398086782E8 
-1.2365544754615095E9 -1.4592566879817955E9 1.6628214941152039E9 1.5452265287780325E9 -3.051647038435637E8 -4.5665399795388144E8 6.533009725052149E8 -1.1679739992146995E9 4.219830442875563E8 3.060217162077978E8 
-1.773110024590112E9 1.809542794711253E9 -8.794684815250582E8 6.828915720730797E8 -1.0161262918294088E9 1.3736058417375782E8 1.5015137725946674E9 1.2467254107840714E8 2.2236471905928388E8 1.4393094640126207E9 
1.1027090843337717E9 1.1444729661933954E9 -1.9027870458805602E9 -1.7655891166727982E9 1.1234583914986886E8 5.845609571807983E8 -5.804330798152261E8 -1.7182499199369544E8 5.706219922055827E8 2.0464369500012267E9 
1.6784037287912455E9 -9.135675989659691E8 -1.6236161032668977E9 4.9134149811407435E8 6.026107961221439E8 2.452691840944751E8 1.164544628747677E9 1.4052530562870014E9 -3.5729623732942855E8 -1.2685491957854009E9 
2.0468621480671818E9 -5.087721644340805E8 -1.037215305921662E9 1.4379717741473737E9 1.1136084480171096E9 -1.8502114363598385E8 -1.124317490379652E9 -1.5275667337580829E9 1.100953426302416E9 -1.3986320224038317E9 
-2.9243643955174094E8 550042.0555794828 1.6914509860189204E9 -1.370344208809953E9 4.09105121071973E8 9.840428860031078E8 -5.409071274605356E8 1.0472514186177108E9 9.274735368130612E7 -1.844463899133382E9 
-6.444729476357042E8 1.001215494642606E9 -6.892306619132359E8 -8.11587604876553E8 8224251.013123808 -6.183106392447897E7 1.8497269515947456E9 9.571338731136379E8 -1.6624039417755609E9 1.667202144644757E9 
-2.299058378358059E8 2.1366994651430466E9 -3.1877993552168608E7 -8.090814424619665E8 1.9325542921913378E9 4.492537231530694E7 1.3885033142300353E9 -1.8485168957273614E9 -1.0073730086512321E9 1.157066076153136E9 
5.264872603086393E8 1.1160161810052598E9 -7.989163519576014E8 5.744771957679079E8 -2.3837174786124253E8 -1.598914642732825E9 2.868896500473614E8 2.0566243982995236E9 -1.5712642102573931E9 -1.741671228200874E9 
-1.3290541032383542E9 1.212506447352875E9 -6.904817981622612E7 4.585619760317473E8 1.1004253060475106E9 1.6381624963426042E9 -8.9911168949757E8 2.498455800886223E8 -1.1937291639077075E9 1.6279776060218554E9 
1.5938101421786447E9 -4.257369295321438E8 -1.790674847715637E9 1.2470488060777555E9 1.032958963828239E9 3.7003674741229135E8 -6.1472220531109326E7 1.4752919291910794E9 -1.9213095538249125E9 -1.4043974837779E9 
4.6060759214802355E8 1.8055392321412966E9 1.7151141595316834E9 -8.576861395147407E7 5.999619041736987E8 -1.911593879816273E8 8.001390143271817E8 -9.931762823546832E8 8.829872131115478E8 -1.0698103429969867E9 
-5.183361178873525E8 -5.833007983705949E7 -1.5735566845280812E9 -2.0345730356953435E9 1.7525639603348954E9 -5.127245199932019E8 -1.5692199829910505E9 1.8028985542195656E9 1.8014821327542012E9 4.251520004716344E8 
1.3388447242803252E9 1.6049267120261023E9 -1.0845485126642642E9 -2.961705577563586E7 8.945550304088501E8 -2.093686655839664E9 -9.755904036937491E8 1.228834872581301E9 -2.2803387924388117E8 -3.308918637827459E8 
8.845851404565232E8 -7.320425685689951E8 1.3318092082061992E9 -1.6425737555883622E8 -1.1925537856408272E9 1.1258716840323513E9 -1.1960465799874518E9 1.3806930204091775E9 -6.253269251223032E8 1.0903766161230104E9 
1.8271686504553738E9 1.277673472016391E9 1.4933979200813007E9 -1.3198154725004396E9 -6.872295339863697E8 -1.1225961118863122E9 -6.148289011842761E8 -1.4686751279343617E9 4.1479947412825036E8 -1.1614775678830233E9 
8.773298360951022E8 1.5212090241385365E9 -1.3220938732855573E9 4.4129324925017184E8 -5.482097639813447E8 1.273599364268651E9 1.082887280089874E9 1.9911506552646768E9 -1.5483849735184686E9 1.8677267166164136E9 
