7695.0 4760.0 570.0 910.0 150.0 
95.0 912.0 4307.0 2379.0 2900.0 
70.0 3904.0 4575.0 212.0 5751.0 
4698.0 1326.0 1548.0 1340.0 7189.0 
1071.0 2937.0 2673.0 4059.0 483.0 
6230.0 702.0 620.0 1400.0 3610.0 
67.0 1968.0 2160.0 6480.0 1240.0 
2150.0 3515.0 7216.0 90.0 60.0 
2666.0 267.0 3780.0 375.0 2528.0 
1725.0 5400.0 2530.0 2340.0 416.0 
4680.0 78.0 7220.0 182.0 1976.0 
520.0 1786.0 21.0 462.0 4623.0 
5740.0 770.0 2091.0 4087.0 5544.0 
4300.0 5056.0 1173.0 90.0 3610.0 
335.0 414.0 222.0 444.0 78.0 
1196.0 714.0 1296.0 5225.0 0.0 
240.0 6110.0 5184.0 1105.0 370.0 
693.0 3025.0 54.0 6319.0 2385.0 
2940.0 1640.0 1598.0 4400.0 3003.0 
3520.0 648.0 408.0 890.0 720.0 
3916.0 2596.0 627.0 8010.0 2337.0 
78.0 6192.0 2088.0 4898.0 6860.0 
1080.0 2380.0 924.0 864.0 4288.0 
1656.0 1392.0 2106.0 4524.0 185.0 
3080.0 1426.0 1580.0 506.0 1575.0 
